. Sequence file : [C:\Users\nitsu\Desktop\GitHub\graduateschoolclasses\Spring2018\Mol_Phylo\Labs\Lab_5\HKY85\mito3_HKY85G.phy]

. Model of nucleotides substitution : HKY85

. Initial tree : [BioNJ]


. Data	Nb of 	Likelihood	Discrete   	Number of 	Gamma shape	Proportion of	Transition/ 	Nucleotides frequencies               	
  set	taxa	loglk     	gamma model	categories	parameter  	invariant    	transversion	f(A)      f(C)      f(G)      f(T)    	

  #1	9   	-5047.82230	Yes        	4        	0.401    	0.000    	8.715     	 0.29592   0.32908   0.08383   0.29117	

  #2	9   	-5193.49167	Yes        	4        	0.472    	0.000    	6.792     	 0.29655   0.30368   0.10998   0.28979	

  #3	9   	-4968.75197	Yes        	4        	0.397    	0.000    	9.242     	 0.35661   0.28403   0.11874   0.24062	

  #4	9   	-5101.77117	Yes        	4        	0.416    	0.000    	8.762     	 0.33884   0.30468   0.10348   0.25300	

  #5	9   	-4904.14384	Yes        	4        	0.392    	0.000    	8.445     	 0.32858   0.29767   0.11787   0.25588	

  #6	9   	-5023.85591	Yes        	4        	0.467    	0.000    	7.969     	 0.31156   0.31206   0.09735   0.27903	

  #7	9   	-4851.22536	Yes        	4        	0.371    	0.000    	8.399     	 0.31894   0.32470   0.09034   0.26602	

  #8	9   	-4977.08330	Yes        	4        	0.394    	0.000    	9.003     	 0.32583   0.30055   0.10748   0.26614	

  #9	9   	-4981.24028	Yes        	4        	0.446    	0.000    	7.869     	 0.33146   0.28854   0.09484   0.28516	

  #10	9   	-4957.44889	Yes        	4        	0.354    	0.000    	9.308     	 0.30631   0.31932   0.11036   0.26401	

  #11	9   	-5171.78420	Yes        	4        	0.414    	0.000    	8.551     	 0.30793   0.31169   0.11449   0.26589	

  #12	9   	-5108.71542	Yes        	4        	0.392    	0.000    	8.943     	 0.30606   0.33383   0.09847   0.26164	

  #13	9   	-5074.75953	Yes        	4        	0.410    	0.000    	7.590     	 0.33884   0.30493   0.10260   0.25363	

  #14	9   	-5101.02029	Yes        	4        	0.417    	0.000    	9.247     	 0.31619   0.29855   0.09334   0.29192	

  #15	9   	-5081.02569	Yes        	4        	0.388    	0.000    	9.316     	 0.35561   0.29517   0.09922   0.25000	

  #16	9   	-5140.70337	Yes        	4        	0.429    	0.000    	7.185     	 0.33071   0.29630   0.10260   0.27040	

  #17	9   	-5068.40376	Yes        	4        	0.398    	0.000    	10.632     	 0.32933   0.32395   0.10636   0.24037	

  #18	9   	-5100.08229	Yes        	4        	0.397    	0.000    	7.890     	 0.32020   0.30843   0.11036   0.26101	

  #19	9   	-5069.32626	Yes        	4        	0.372    	0.000    	8.893     	 0.30168   0.33333   0.10923   0.25576	

  #20	9   	-4984.15018	Yes        	4        	0.406    	0.000    	9.835     	 0.30318   0.31907   0.11074   0.26702	

  #21	9   	-5059.22962	Yes        	4        	0.304    	0.000    	11.409     	 0.32032   0.29379   0.12062   0.26527	

  #22	9   	-4834.29667	Yes        	4        	0.414    	0.000    	7.528     	 0.32232   0.29692   0.11737   0.26339	

  #23	9   	-5102.19110	Yes        	4        	0.462    	0.000    	7.786     	 0.32145   0.31744   0.10385   0.25726	

  #24	9   	-5062.29143	Yes        	4        	0.375    	0.000    	9.412     	 0.32495   0.30531   0.10723   0.26251	

  #25	9   	-4997.97681	Yes        	4        	0.376    	0.000    	8.124     	 0.31044   0.32570   0.11887   0.24499	

  #26	9   	-4974.60063	Yes        	4        	0.377    	0.000    	9.590     	 0.30643   0.31807   0.09647   0.27903	

  #27	9   	-5181.54752	Yes        	4        	0.435    	0.000    	7.402     	 0.31569   0.31932   0.09097   0.27402	

  #28	9   	-4927.12278	Yes        	4        	0.398    	0.000    	8.235     	 0.31481   0.29254   0.11449   0.27815	

  #29	9   	-5093.46640	Yes        	4        	0.363    	0.000    	9.555     	 0.31669   0.31857   0.11274   0.25200	

  #30	9   	-5064.31102	Yes        	4        	0.390    	0.000    	10.227     	 0.35235   0.30493   0.08496   0.25776	

  #31	9   	-5038.22456	Yes        	4        	0.364    	0.000    	7.498     	 0.31607   0.30130   0.13163   0.25100	

  #32	9   	-4988.01982	Yes        	4        	0.358    	0.000    	8.627     	 0.30305   0.32145   0.12450   0.25100	

  #33	9   	-4927.94311	Yes        	4        	0.387    	0.000    	8.804     	 0.30293   0.31381   0.11474   0.26852	

  #34	9   	-5128.79595	Yes        	4        	0.363    	0.000    	9.455     	 0.31532   0.29054   0.11999   0.27415	

  #35	9   	-5034.42889	Yes        	4        	0.391    	0.000    	8.335     	 0.32720   0.30343   0.09985   0.26952	

  #36	9   	-5143.02411	Yes        	4        	0.386    	0.000    	7.646     	 0.31106   0.30030   0.10673   0.28191	

  #37	9   	-5159.94984	Yes        	4        	0.384    	0.000    	9.457     	 0.32670   0.30806   0.10460   0.26064	

  #38	9   	-4870.07836	Yes        	4        	0.362    	0.000    	8.114     	 0.30793   0.33308   0.10460   0.25438	

  #39	9   	-5007.20439	Yes        	4        	0.344    	0.000    	9.529     	 0.29967   0.30756   0.10923   0.28353	

  #40	9   	-5013.19035	Yes        	4        	0.432    	0.000    	7.913     	 0.31732   0.31344   0.11124   0.25801	

  #41	9   	-5017.38649	Yes        	4        	0.393    	0.000    	9.303     	 0.31844   0.31156   0.10711   0.26289	

  #42	9   	-4983.33890	Yes        	4        	0.344    	0.000    	9.294     	 0.34009   0.28816   0.11274   0.25901	

  #43	9   	-4815.53971	Yes        	4        	0.333    	0.000    	9.145     	 0.35948   0.28103   0.09735   0.26214	

  #44	9   	-4969.69528	Yes        	4        	0.474    	0.000    	6.943     	 0.33346   0.30468   0.10611   0.25576	

  #45	9   	-5040.62600	Yes        	4        	0.392    	0.000    	8.199     	 0.33171   0.30155   0.11474   0.25200	

  #46	9   	-5084.74697	Yes        	4        	0.396    	0.000    	8.954     	 0.32132   0.30793   0.11136   0.25938	

  #47	9   	-4916.59048	Yes        	4        	0.384    	0.000    	9.015     	 0.30693   0.30906   0.11099   0.27302	

  #48	9   	-4954.10795	Yes        	4        	0.339    	0.000    	10.645     	 0.31957   0.31744   0.10023   0.26276	

  #49	9   	-4925.31580	Yes        	4        	0.391    	0.000    	9.359     	 0.34835   0.29467   0.10648   0.25050	

  #50	9   	-5064.26024	Yes        	4        	0.388    	0.000    	9.312     	 0.32445   0.29917   0.11724   0.25913	

  #51	9   	-5094.52217	Yes        	4        	0.433    	0.000    	9.181     	 0.33934   0.31294   0.09597   0.25175	

  #52	9   	-4985.88662	Yes        	4        	0.399    	0.000    	9.027     	 0.33396   0.29454   0.11099   0.26051	

  #53	9   	-4995.03719	Yes        	4        	0.453    	0.000    	7.304     	 0.30343   0.29980   0.10460   0.29217	

  #54	9   	-4892.36771	Yes        	4        	0.305    	0.000    	10.898     	 0.32120   0.30956   0.10223   0.26702	

  #55	9   	-4911.78300	Yes        	4        	0.315    	0.000    	13.702     	 0.34059   0.29279   0.09372   0.27290	

  #56	9   	-4792.93280	Yes        	4        	0.416    	0.000    	7.526     	 0.33696   0.29642   0.10948   0.25713	

  #57	9   	-5037.27926	Yes        	4        	0.431    	0.000    	8.155     	 0.34535   0.30818   0.11249   0.23398	

  #58	9   	-5096.30874	Yes        	4        	0.387    	0.000    	9.610     	 0.32783   0.30618   0.10348   0.26251	

  #59	9   	-5158.44194	Yes        	4        	0.487    	0.000    	6.924     	 0.31857   0.31644   0.10023   0.26476	

  #60	9   	-5190.65899	Yes        	4        	0.439    	0.000    	8.544     	 0.33408   0.29354   0.11512   0.25726	

  #61	9   	-5200.51032	Yes        	4        	0.409    	0.000    	7.359     	 0.29542   0.32558   0.10135   0.27765	

  #62	9   	-5060.05819	Yes        	4        	0.514    	0.000    	6.286     	 0.32583   0.29517   0.11436   0.26464	

  #63	9   	-4944.67967	Yes        	4        	0.330    	0.000    	9.190     	 0.32883   0.29692   0.10923   0.26502	

  #64	9   	-5128.41990	Yes        	4        	0.433    	0.000    	6.705     	 0.32307   0.28303   0.11887   0.27503	

  #65	9   	-4988.73575	Yes        	4        	0.396    	0.000    	7.679     	 0.32783   0.30593   0.10861   0.25763	

  #66	9   	-5130.80945	Yes        	4        	0.531    	0.000    	7.602     	 0.32032   0.29442   0.10123   0.28403	

  #67	9   	-4964.78977	Yes        	4        	0.379    	0.000    	11.189     	 0.30518   0.32595   0.09797   0.27090	

  #68	9   	-4954.42738	Yes        	4        	0.355    	0.000    	10.405     	 0.33021   0.31719   0.10648   0.24612	

  #69	9   	-5105.63443	Yes        	4        	0.358    	0.000    	10.473     	 0.32595   0.30193   0.11324   0.25888	

  #70	9   	-5167.24713	Yes        	4        	0.443    	0.000    	7.536     	 0.31807   0.30868   0.10210   0.27115	

  #71	9   	-5278.59114	Yes        	4        	0.447    	0.000    	8.010     	 0.31744   0.29292   0.10385   0.28579	

  #72	9   	-5086.36040	Yes        	4        	0.480    	0.000    	6.554     	 0.30293   0.30656   0.10098   0.28954	

  #73	9   	-5001.37743	Yes        	4        	0.449    	0.000    	7.343     	 0.31319   0.29867   0.10623   0.28191	

  #74	9   	-5075.77243	Yes        	4        	0.493    	0.000    	6.735     	 0.31682   0.30581   0.09259   0.28478	

  #75	9   	-5013.54000	Yes        	4        	0.512    	0.000    	6.832     	 0.30993   0.30831   0.10986   0.27190	

  #76	9   	-4997.90531	Yes        	4        	0.347    	0.000    	10.252     	 0.32020   0.32970   0.09947   0.25063	

  #77	9   	-4892.26890	Yes        	4        	0.376    	0.000    	8.575     	 0.30818   0.30756   0.10536   0.27890	

  #78	9   	-4994.00785	Yes        	4        	0.453    	0.000    	6.836     	 0.31344   0.30681   0.10998   0.26977	

  #79	9   	-5052.34812	Yes        	4        	0.416    	0.000    	7.383     	 0.33183   0.28754   0.11324   0.26739	

  #80	9   	-5024.50480	Yes        	4        	0.432    	0.000    	8.757     	 0.34284   0.30418   0.10235   0.25063	

  #81	9   	-5014.71256	Yes        	4        	0.479    	0.000    	7.136     	 0.32895   0.29179   0.10536   0.27390	

  #82	9   	-4927.65069	Yes        	4        	0.427    	0.000    	7.544     	 0.33771   0.30931   0.09297   0.26001	

  #83	9   	-4857.80431	Yes        	4        	0.445    	0.000    	7.374     	 0.31769   0.29630   0.10986   0.27615	

  #84	9   	-4835.84052	Yes        	4        	0.431    	0.000    	6.351     	 0.31319   0.29817   0.13126   0.25738	

  #85	9   	-5073.06729	Yes        	4        	0.384    	0.000    	8.967     	 0.32045   0.30468   0.11612   0.25876	

  #86	9   	-4889.76241	Yes        	4        	0.371    	0.000    	9.058     	 0.32683   0.29805   0.09822   0.27690	

  #87	9   	-5032.36437	Yes        	4        	0.400    	0.000    	8.488     	 0.31481   0.31994   0.10986   0.25538	

  #88	9   	-5197.08654	Yes        	4        	0.400    	0.000    	9.107     	 0.31044   0.30180   0.10761   0.28016	

  #89	9   	-5107.49762	Yes        	4        	0.440    	0.000    	8.346     	 0.32495   0.30130   0.11224   0.26151	

  #90	9   	-5086.13045	Yes        	4        	0.449    	0.000    	6.930     	 0.34672   0.28691   0.12175   0.24462	

  #91	9   	-4966.36156	Yes        	4        	0.405    	0.000    	8.325     	 0.33884   0.30230   0.10348   0.25538	

  #92	9   	-5142.31376	Yes        	4        	0.404    	0.000    	7.147     	 0.30218   0.30130   0.12963   0.26689	

  #93	9   	-5056.06647	Yes        	4        	0.404    	0.000    	8.913     	 0.32395   0.29417   0.11411   0.26777	

  #94	9   	-5211.35578	Yes        	4        	0.380    	0.000    	8.461     	 0.30468   0.32695   0.10736   0.26101	

  #95	9   	-5114.34527	Yes        	4        	0.422    	0.000    	6.912     	 0.32382   0.30743   0.11074   0.25801	

  #96	9   	-5089.68660	Yes        	4        	0.429    	0.000    	6.767     	 0.31819   0.28604   0.12538   0.27040	

  #97	9   	-5051.84837	Yes        	4        	0.364    	0.000    	11.327     	 0.32633   0.31394   0.09922   0.26051	

  #98	9   	-5090.47959	Yes        	4        	0.387    	0.000    	7.539     	 0.33308   0.30568   0.10536   0.25588	

  #99	9   	-5266.98963	Yes        	4        	0.471    	0.000    	7.336     	 0.31694   0.29642   0.09334   0.29329	

  #100	9   	-4947.06080	Yes        	4        	0.348    	0.000    	9.913     	 0.34109   0.27728   0.11061   0.27102	

