

Model 0: one-ratio

TREE # 1

  0  0.0000  33315.615519  x:  0.09778   0.08415   0.01598   0.03934   0.10140   0.09944   0.02399   0.02414   0.04508   0.06722   0.05364   0.05973   0.05765   0.08462   0.02579   0.08402   0.07215   0.03427   0.01037   0.04611   0.04309   2.00000   0.40000  
  1 99.0000  28652.233475  x:  0.08784   0.09496   0.05849   0.09946   0.14302   0.17809   0.29736   0.15918   0.17361   0.14793   0.07422   0.09771   0.09657   0.11383   0.08953   0.12139   0.06173   0.02522   0.00000   0.03627   0.03254   1.99720   0.42123  
  2 35400.7699  27785.540569  x:  0.05549   0.10860   0.06524   0.14211   0.20402   0.24108   0.23227   0.14782   0.20940   0.21194   0.10081   0.14763   0.14849   0.16139   0.10229   0.18675   0.02896   0.00000   0.00000   0.00564   0.00074   1.98950   0.47438  
  3 6217.7893  27770.737892  x:  0.05487   0.10886   0.06537   0.14293   0.20519   0.24229   0.23102   0.14761   0.21009   0.21317   0.10132   0.14859   0.14949   0.16230   0.10254   0.18800   0.02833   0.00001   0.00002   0.00506   0.00014   1.98936   0.47540  
  4 358471.8980  27766.407073  x:  0.05474   0.10891   0.06540   0.14310   0.20543   0.24254   0.23077   0.14756   0.21023   0.21342   0.10142   0.14879   0.14969   0.16249   0.10259   0.18826   0.02820   0.00002   0.00000   0.00494   0.00018   1.98932   0.47561  
  5 125614.3079  27760.736994  x:  0.05441   0.10904   0.06546   0.14349   0.20601   0.24314   0.23015   0.14746   0.21057   0.21403   0.10167   0.14925   0.15017   0.16294   0.10271   0.18887   0.02787   0.00000   0.00029   0.00466   0.00030   1.98924   0.47620  
  6 175965.9728  27405.612729  x:  0.02635   0.11525   0.06613   0.16006   0.23501   0.28283   0.19818   0.14302   0.22721   0.24542   0.11062   0.16738   0.16816   0.18484   0.10711   0.21825   0.00000   0.00027   0.00235   0.00105   0.00355   1.97557   0.58197  
  7 15731.8004  27254.249369  x:  0.00000   0.12094   0.06623   0.17418   0.26108   0.31995   0.16997   0.13911   0.24157   0.27363   0.11788   0.18293   0.18346   0.20442   0.11065   0.24461   0.03539   0.00046   0.00408   0.02449   0.00610   1.96376   0.66343  
  8 15164.2799  27249.134825  x:  0.01913   0.12135   0.06341   0.17297   0.26516   0.33194   0.16763   0.13846   0.24097   0.27793   0.11577   0.18207   0.18194   0.20703   0.10899   0.24857   0.04012   0.00048   0.00424   0.02263   0.00637   1.95965   0.67149  
  9 1636.2377  27217.497123  x:  0.01686   0.11983   0.04985   0.15902   0.27265   0.37425   0.17003   0.13723   0.23026   0.28552   0.10084   0.16995   0.16656   0.21047   0.09982   0.25527   0.04962   0.00049   0.00407   0.00265   0.00645   1.94351   0.67194  
 10 1003.2635  27201.398703  x:  0.01475   0.11930   0.03936   0.14164   0.28210   0.42631   0.17032   0.13579   0.21760   0.29530   0.08249   0.15734   0.15032   0.21543   0.09450   0.26365   0.04067   0.00047   0.00364   0.01823   0.00638   1.92119   0.66198  
 11 1658.5614  27193.090515  x:  0.01455   0.12237   0.05948   0.12802   0.28138   0.45007   0.16420   0.13721   0.21197   0.29519   0.07277   0.15474   0.14787   0.21542   0.11135   0.25946   0.04049   0.00047   0.00327   0.01758   0.00646   1.89529   0.65780  
 12 532.2869  27177.311007  x:  0.01438   0.11319   0.05528   0.10562   0.27112   0.48087   0.15286   0.15187   0.22121   0.28780   0.07543   0.17363   0.17492   0.21563   0.10795   0.23144   0.03961   0.00048   0.00190   0.01806   0.00696   1.78726   0.64526  
 13 360.9737  27150.888864  x:  0.01420   0.11528   0.05586   0.13007   0.27540   0.49176   0.14988   0.14828   0.22262   0.27983   0.08271   0.17112   0.17341   0.21541   0.10700   0.22444   0.03886   0.00049   0.00000   0.01814   0.00770   1.63708   0.62898  
 14 722.9006  27129.953670  x:  0.01434   0.12615   0.05314   0.10458   0.27056   0.46632   0.15378   0.14114   0.22807   0.29968   0.08589   0.17364   0.16736   0.22261   0.10834   0.26881   0.03878   0.00052   0.00000   0.01752   0.00870   1.44580   0.61058  
 15 927.0568  27126.909546  x:  0.01453   0.11495   0.05224   0.10517   0.28415   0.45602   0.15464   0.14521   0.21782   0.30934   0.06851   0.17863   0.17279   0.22300   0.11087   0.26970   0.03897   0.00052   0.00000   0.01732   0.00880   1.42781   0.60916  
 16 143.4654  27121.002475  x:  0.01433   0.11452   0.06513   0.09765   0.30603   0.44895   0.15077   0.14860   0.22019   0.33145   0.07190   0.16895   0.17091   0.23717   0.09622   0.25523   0.03825   0.00051   0.00000   0.01741   0.00867   1.42891   0.60561  
 17 56.3484  27091.744589  x:  0.01333   0.13524   0.03239   0.08567   0.35038   0.45724   0.14746   0.12363   0.22146   0.35968   0.08964   0.17277   0.18041   0.26922   0.13629   0.24179   0.03581   0.00047   0.00000   0.01659   0.00789   1.47578   0.59402  
 18 117.1441  27003.036615  x:  0.00953   0.17518   0.05503   0.10769   0.39783   0.52908   0.11839   0.11639   0.22787   0.35877   0.07353   0.24555   0.22481   0.29517   0.09950   0.34434   0.02668   0.00033   0.00000   0.01697   0.00530   1.64843   0.55979  
 19 424.0722  26995.732068  x:  0.00941   0.14740   0.05305   0.11369   0.39035   0.53528   0.10340   0.13513   0.23340   0.36435   0.08421   0.23465   0.22031   0.29749   0.10942   0.36052   0.02590   0.00031   0.00000   0.01683   0.00506   1.66223   0.55592  
 20 291.2932  26993.924175  x:  0.00947   0.13027   0.05772   0.11477   0.38426   0.53928   0.10718   0.12684   0.22751   0.36787   0.09295   0.23110   0.22597   0.30113   0.10976   0.36553   0.02581   0.00031   0.00000   0.01705   0.00502   1.66560   0.55576  
 21 169.6598  26993.672832  x:  0.00945   0.13114   0.05713   0.11722   0.37882   0.53945   0.10677   0.12473   0.23002   0.37134   0.08821   0.22545   0.23100   0.30241   0.10978   0.36514   0.02579   0.00031   0.00000   0.01701   0.00502   1.66581   0.55560  
 22 21.5105  26993.241665  x:  0.00941   0.13572   0.05621   0.11973   0.37359   0.53949   0.10674   0.12927   0.22289   0.37424   0.08877   0.22282   0.23502   0.30668   0.10962   0.36516   0.02581   0.00031   0.00000   0.01698   0.00502   1.66569   0.55577  
 23 18.4047  26967.779216  x:  0.00847   0.12459   0.05602   0.14602   0.32044   0.54141   0.10945   0.12731   0.23180   0.38565   0.05540   0.27737   0.18009   0.40680   0.11122   0.34719   0.02589   0.00031   0.00000   0.01579   0.00512   1.65173   0.55564  
 24 10.8065  26704.685990  x:  0.00000   0.10853   0.05134   0.15589   0.39493   0.58027   0.14605   0.16318   0.28864   0.30215   0.03818   0.22453   0.22652   0.52486   0.12365   0.40810   0.02511   0.00036   0.04633   0.01086   0.00607   1.53700   0.55916  
 25 73.3391  26704.685990  x:  0.00000   0.10853   0.05134   0.15589   0.39493   0.58027   0.14605   0.16318   0.28864   0.30215   0.03818   0.22453   0.22652   0.52486   0.12365   0.40810   0.02511   0.00036   0.04633   0.01086   0.00607   1.53700   0.55916  
 26 1726.0041  26660.444099  x:  0.02103   0.11007   0.05500   0.16026   0.39740   0.58596   0.16904   0.17382   0.29801   0.31050   0.04135   0.22694   0.22863   0.52425   0.12840   0.40976   0.01965   0.10808   0.03914   0.00629   0.00218   1.53665   0.56271  
 27 15681.5253  26372.818027  x:  0.00590   0.11386   0.06457   0.17248   0.40450   0.60204   0.22867   0.20204   0.32425   0.33401   0.04972   0.23379   0.23464   0.52237   0.14118   0.41460   0.00145   0.10977   0.01690   0.00000   0.00757   1.53569   0.57294  
 28 4359.9376  26355.299616  x:  0.00469   0.11417   0.06533   0.17346   0.40507   0.60332   0.23343   0.20429   0.32635   0.33589   0.05039   0.23434   0.23512   0.52222   0.14220   0.41499   0.00000   0.10991   0.01513   0.00005   0.00800   1.53561   0.57375  
 29 658652.2042  26271.287548  x:  0.00000   0.11539   0.06842   0.17741   0.40736   0.60853   0.25267   0.21341   0.33484   0.34350   0.05309   0.23655   0.23707   0.52161   0.14633   0.41655   0.00073   0.11041   0.00792   0.00018   0.00962   1.53530   0.57706  
 30 72934.7432  26185.008816  x:  0.00307   0.11671   0.07174   0.18178   0.40992   0.61431   0.27360   0.22335   0.34422   0.35193   0.05601   0.23901   0.23923   0.52091   0.15084   0.41831   0.00123   0.10892   0.00000   0.00029   0.01072   1.53495   0.58074  
 31 48950.5150  26160.081072  x:  0.00289   0.11673   0.07191   0.18366   0.41127   0.61731   0.27831   0.22591   0.34839   0.35589   0.05639   0.24021   0.24030   0.52024   0.15195   0.41946   0.00119   0.10823   0.00000   0.00031   0.00092   1.53480   0.58251  
 32 3403.2565  25983.562323  x:  0.00153   0.08314   0.00000   0.26183   0.48332   0.77451   0.20594   0.22520   0.52901   0.54154   0.01568   0.29825   0.29308   0.46822   0.14617   0.49218   0.00156   0.10826   0.00000   0.00023   0.00337   1.52859   0.66783  
 33 1053.2308  25930.806192  x:  0.00097   0.09073   0.04436   0.28457   0.50666   0.83307   0.17373   0.21883   0.58385   0.60160   0.00000   0.31461   0.30792   0.44843   0.15570   0.51904   0.00169   0.10819   0.00000   0.00019   0.00413   1.52692   0.69182  
 34 2873.2533  25841.430022  x:  0.00000   0.12057   0.04003   0.26179   0.50839   0.91225   0.20176   0.21026   0.58849   0.63221   0.01652   0.30293   0.29715   0.42905   0.15567   0.54473   0.00213   0.10694   0.00000   0.00015   0.00469   1.53022   0.67275  
 35 457.4246  25841.430022  x:  0.00000   0.12057   0.04003   0.26179   0.50839   0.91225   0.20176   0.21026   0.58849   0.63221   0.01652   0.30293   0.29715   0.42905   0.15567   0.54473   0.00213   0.10694   0.00000   0.00015   0.00469   1.53022   0.67275  
 36 52673.0492  25823.846402  x:  0.00345   0.12058   0.04008   0.26181   0.50840   0.91229   0.20198   0.21035   0.58853   0.63225   0.01656   0.30293   0.29715   0.42905   0.15571   0.54473   0.00239   0.10683   0.00043   0.00416   0.00464   1.53022   0.67275  
 37 43858.3961  25820.070104  x:  0.00333   0.12063   0.04031   0.26186   0.50842   0.91245   0.20297   0.21078   0.58871   0.63241   0.01670   0.30295   0.29717   0.42906   0.15592   0.54474   0.00281   0.10629   0.00000   0.00431   0.00441   1.53022   0.67278  
 38 2665.2682  25755.634266  x:  0.00221   0.12188   0.04612   0.26328   0.50896   0.91672   0.22872   0.22189   0.59341   0.63662   0.02041   0.30342   0.29751   0.42919   0.16140   0.54503   0.00035   0.09218   0.00000   0.00665   0.00024   1.53017   0.67354  
 39 16131.2697  25743.504591  x:  0.00210   0.12217   0.04749   0.26362   0.50909   0.91774   0.23484   0.22453   0.59453   0.63763   0.02129   0.30353   0.29759   0.42922   0.16270   0.54509   0.00000   0.08880   0.00000   0.00706   0.00065   1.53016   0.67372  
 40 72991.6018  25743.504591  x:  0.00210   0.12217   0.04749   0.26362   0.50909   0.91774   0.23484   0.22453   0.59453   0.63763   0.02129   0.30353   0.29759   0.42922   0.16270   0.54509   0.00000   0.08880   0.00000   0.00706   0.00065   1.53016   0.67372  
 41 34218.5018  25729.072221  x:  0.00227   0.12218   0.04751   0.26363   0.50910   0.91776   0.23496   0.22458   0.59456   0.63765   0.02131   0.30353   0.29759   0.42922   0.16272   0.54509   0.00552   0.08873   0.00000   0.00703   0.00093   1.53016   0.67372  
 42 70192.4280  25697.512367  x:  0.00000   0.12293   0.05168   0.26482   0.50955   0.92148   0.25585   0.23364   0.59864   0.64132   0.02418   0.30391   0.29788   0.42925   0.16702   0.54534   0.00501   0.07578   0.00000   0.00243   0.03009   1.53014   0.67434  
 43 3025.9787  25685.015585  x:  0.00420   0.12333   0.05392   0.26547   0.50980   0.92350   0.26716   0.23854   0.60086   0.64331   0.02573   0.30411   0.29803   0.42927   0.16935   0.54548   0.00458   0.06873   0.00000   0.00054   0.04453   1.53013   0.67468  
 44 44918.0436  25634.039725  x:  0.02291   0.12612   0.06994   0.27017   0.51160   0.93828   0.34929   0.27413   0.61708   0.65789   0.03690   0.30560   0.29913   0.42934   0.18614   0.54647   0.00227   0.01671   0.00000   0.04238   0.12852   1.53009   0.67713  
 45 17772.3932  25594.502987  x:  0.02177   0.12607   0.07297   0.27148   0.51210   0.94293   0.37214   0.28388   0.62213   0.66247   0.03943   0.30598   0.29941   0.42911   0.19014   0.54679   0.00244   0.00194   0.00000   0.04030   0.12188   1.53017   0.67785  
 46 2420.0767  25196.528537  x:  0.00193   0.12507   0.14403   0.30189   0.52367   1.05163   0.90698   0.51163   0.74039   0.76971   0.09852   0.31479   0.30596   0.42354   0.28352   0.55419   0.00552   0.02083   0.00000   0.00618   0.00000   1.53208   0.69412  
 47 5529.2844  25163.891417  x:  0.00199   0.08109   0.07182   0.30372   0.52425   1.08755   0.94203   0.51826   0.77758   0.80522   0.07156   0.31354   0.30500   0.40947   0.25346   0.55679   0.00554   0.02114   0.00000   0.00625   0.00004   1.53723   0.69652  
 48 453.1444  25153.204490  x:  0.00197   0.12593   0.05512   0.29415   0.51586   1.10565   0.96342   0.49872   0.79139   0.82195   0.03615   0.30786   0.30183   0.39536   0.22626   0.56240   0.00553   0.02112   0.00000   0.00627   0.00004   1.54727   0.67415  
 49 296.5166  25146.103233  x:  0.00198   0.11601   0.09258   0.27396   0.49999   1.13057   0.98560   0.42374   0.80076   0.84614   0.03524   0.30502   0.30756   0.40248   0.21082   0.56611   0.00553   0.02099   0.00000   0.00630   0.00005   1.57149   0.62888  
 50 146.5489  25141.139245  x:  0.00199   0.12633   0.07436   0.26460   0.49726   1.15051   1.02911   0.31746   0.79315   0.86139   0.05629   0.30723   0.30875   0.41847   0.22188   0.56811   0.00553   0.02095   0.00000   0.00632   0.00006   1.59729   0.63941  
 51 131.5362  25139.317709  x:  0.00200   0.11856   0.07730   0.27027   0.50382   1.15792   1.05189   0.27097   0.78719   0.86372   0.03841   0.30612   0.30379   0.41149   0.22740   0.56725   0.00553   0.02093   0.00000   0.00635   0.00005   1.60685   0.65163  
 52 144.3175  25139.169811  x:  0.00200   0.11744   0.07770   0.27420   0.50674   1.15984   1.05547   0.26646   0.78755   0.86410   0.04024   0.30741   0.30496   0.40980   0.21917   0.56676   0.00553   0.02093   0.00000   0.00635   0.00005   1.60714   0.65211  
 53 26.6487  25139.113819  x:  0.00200   0.11828   0.07786   0.27780   0.50863   1.16569   1.05394   0.26408   0.79312   0.86668   0.04223   0.30780   0.30590   0.40569   0.22090   0.56561   0.00553   0.02094   0.00000   0.00635   0.00005   1.60557   0.65110  
 54  8.6856  25139.062454  x:  0.00200   0.11686   0.07640   0.27577   0.50587   1.17265   1.05428   0.26256   0.79875   0.86829   0.04256   0.30674   0.30489   0.40342   0.22114   0.56480   0.00553   0.02095   0.00000   0.00634   0.00005   1.60350   0.64991  
 55 10.2044  25139.028202  x:  0.00199   0.11710   0.07767   0.27477   0.50485   1.17902   1.05348   0.26219   0.80211   0.86900   0.04111   0.30790   0.30542   0.40631   0.22039   0.56566   0.00553   0.02096   0.00000   0.00634   0.00005   1.60170   0.65282  
 56  7.9611  25138.982536  x:  0.00199   0.11676   0.07654   0.27624   0.50715   1.18626   1.05386   0.26254   0.80200   0.86756   0.03899   0.30759   0.30480   0.41184   0.22117   0.56731   0.00553   0.02096   0.00000   0.00633   0.00005   1.60054   0.65007  
 57  6.2126  25138.645815  x:  0.00198   0.11704   0.07753   0.26881   0.51222   1.21594   1.05739   0.26828   0.78105   0.85861   0.04297   0.30616   0.30583   0.40400   0.22118   0.56472   0.00553   0.02096   0.00000   0.00629   0.00005   1.60099   0.65113  
 58  3.9103  25135.661345  x:  0.00185   0.11388   0.07409   0.27180   0.50773   1.20702   1.11236   0.28375   0.76353   0.89284   0.03946   0.34938   0.29185   0.39906   0.22729   0.57040   0.00553   0.02100   0.00000   0.00593   0.00005   1.61620   0.64480  
 59  3.4967  25129.613950  x:  0.00160   0.11274   0.07868   0.29002   0.50624   1.17523   1.21978   0.30783   0.75489   0.95155   0.04155   0.30194   0.29057   0.40701   0.22705   0.57397   0.00553   0.02108   0.00000   0.00522   0.00006   1.63605   0.65892  
 60 80.6105  25128.504361  x:  0.00155   0.11123   0.07493   0.28800   0.50554   1.16456   1.24561   0.30801   0.76204   0.94057   0.03585   0.30061   0.31902   0.40680   0.23079   0.56812   0.00553   0.02108   0.00000   0.00509   0.00006   1.63129   0.65594  
 61 55.7564  25126.451620  x:  0.00148   0.11358   0.07748   0.28203   0.51325   1.14139   1.29444   0.29586   0.80859   0.86361   0.04376   0.30519   0.30656   0.40427   0.22967   0.55071   0.00553   0.02104   0.00000   0.00487   0.00006   1.59573   0.65370  
 62 43.4760  25126.326896  x:  0.00147   0.11284   0.07758   0.28278   0.51181   1.14004   1.29750   0.29477   0.81223   0.85577   0.04587   0.30476   0.30721   0.40010   0.23011   0.56475   0.00553   0.02103   0.00000   0.00486   0.00006   1.59439   0.65396  
 63 16.3951  25126.306478  x:  0.00147   0.11286   0.07750   0.28678   0.50717   1.14127   1.29747   0.29556   0.81375   0.85197   0.04605   0.30486   0.30715   0.40016   0.23018   0.56411   0.00553   0.02101   0.00000   0.00486   0.00006   1.60090   0.65446  
 64  2.1555  25126.142840  x:  0.00147   0.11268   0.07776   0.27583   0.52095   1.14174   1.29838   0.29711   0.82262   0.84931   0.04612   0.30528   0.30699   0.40013   0.22997   0.56522   0.00553   0.02070   0.00000   0.00483   0.00006   1.62156   0.65553  
 65  0.7752  25122.809304  x:  0.00136   0.11380   0.07966   0.23730   0.55588   1.16293   1.35133   0.26883   0.83949   0.86259   0.04728   0.31127   0.30371   0.40408   0.22639   0.57188   0.00550   0.01323   0.00000   0.00424   0.00008   1.69597   0.64880  
 66  2.4800  25119.999273  x:  0.00138   0.10974   0.07577   0.25847   0.52181   1.18402   1.37467   0.24109   0.81572   0.88847   0.04522   0.31301   0.30222   0.40514   0.22222   0.57195   0.00548   0.00742   0.00000   0.00410   0.00008   1.66059   0.64000  
 67  0.1564  25118.873874  x:  0.00167   0.11152   0.07695   0.27943   0.50918   1.16860   1.34122   0.26584   0.81091   0.87004   0.04434   0.30661   0.30537   0.40083   0.22631   0.56633   0.00546   0.00762   0.00000   0.00486   0.00008   1.61420   0.64774  
 68  0.0524  25118.719302  x:  0.00172   0.11257   0.07761   0.27641   0.51301   1.16018   1.33406   0.27226   0.81378   0.86655   0.04551   0.30727   0.30566   0.40190   0.22736   0.56660   0.00544   0.00652   0.00000   0.00490   0.00009   1.61803   0.64839  
 69  0.0114  25118.261417  x:  0.00181   0.11476   0.07914   0.27021   0.51554   1.13577   1.31511   0.28642   0.81575   0.86489   0.04931   0.31050   0.30589   0.40622   0.22947   0.56804   0.00536   0.00775   0.00000   0.00487   0.00012   1.62238   0.64719  
 70  0.0151  25116.157420  x:  0.00203   0.10850   0.07856   0.28509   0.49130   1.17604   1.35032   0.25945   0.79678   0.88346   0.04426   0.30563   0.30285   0.39742   0.22312   0.56617   0.00490   0.00678   0.00000   0.00382   0.00024   1.59821   0.64174  
 71  0.0125  25114.909418  x:  0.00259   0.11280   0.07425   0.27889   0.51862   1.16702   1.33290   0.26818   0.81842   0.86246   0.04394   0.30787   0.30688   0.40339   0.22756   0.56632   0.00450   0.00820   0.00000   0.00453   0.00036   1.62301   0.65127  
 72  0.0225  25113.815121  x:  0.00327   0.10944   0.07755   0.27623   0.49876   1.15256   1.32770   0.26671   0.80537   0.88083   0.04651   0.30884   0.30474   0.40370   0.22609   0.56769   0.00360   0.00735   0.00000   0.00452   0.00063   1.59979   0.64357  
 73  0.0116  25113.375419  x:  0.00343   0.11088   0.07708   0.27895   0.51061   1.16731   1.33731   0.26986   0.81156   0.87014   0.04451   0.30691   0.30487   0.40020   0.22558   0.56632   0.00307   0.00741   0.00000   0.00416   0.00080   1.61874   0.64728  
 74  0.0168  25113.199353  x:  0.00350   0.11225   0.07555   0.27938   0.50632   1.16062   1.33584   0.26506   0.80949   0.87051   0.04525   0.30865   0.30598   0.40434   0.22718   0.56656   0.00266   0.00749   0.00000   0.00425   0.00096   1.60726   0.64718  
 75  0.0057  25112.620102  x:  0.00220   0.10837   0.08212   0.27529   0.50651   1.16323   1.33075   0.27086   0.80909   0.87945   0.04498   0.30556   0.30353   0.39796   0.22444   0.56738   0.00266   0.00756   0.00000   0.00458   0.00121   1.61705   0.64412  
 76  0.0025  25112.373433  x:  0.00145   0.11018   0.07817   0.27788   0.50711   1.16390   1.33324   0.26904   0.80972   0.87411   0.04513   0.30715   0.30465   0.40069   0.22558   0.56695   0.00294   0.00753   0.00000   0.00482   0.00126   1.61426   0.64599  
 77  0.0079  25112.295439  x:  0.00173   0.11182   0.07501   0.28006   0.50747   1.16327   1.33510   0.26696   0.81021   0.86940   0.04503   0.30824   0.30574   0.40311   0.22672   0.56648   0.00303   0.00745   0.00000   0.00500   0.00122   1.61058   0.64760  
 78  0.0074  25111.921359  x:  0.00141   0.11144   0.07529   0.28014   0.50697   1.16274   1.34017   0.26484   0.81041   0.87088   0.04425   0.30778   0.30591   0.40315   0.22699   0.56679   0.00375   0.00731   0.00000   0.00569   0.00143   1.60926   0.64753  
 79  0.0008  25111.350843  x:  0.00199   0.10997   0.07961   0.27772   0.50629   1.16650   1.34333   0.26768   0.80915   0.87724   0.04502   0.30704   0.30425   0.40020   0.22543   0.56730   0.00495   0.00744   0.00000   0.00593   0.00213   1.61597   0.64509  
 80  0.0045  25111.044138  x:  0.00192   0.11209   0.07487   0.28016   0.50735   1.16255   1.33725   0.26725   0.80955   0.86878   0.04528   0.30817   0.30563   0.40284   0.22680   0.56632   0.00492   0.00747   0.00000   0.00459   0.00252   1.61088   0.64753  
 81  0.0062  25111.010980  x:  0.00196   0.11086   0.07706   0.27900   0.50684   1.16340   1.33375   0.26780   0.80987   0.87273   0.04487   0.30755   0.30518   0.40181   0.22608   0.56689   0.00488   0.00739   0.00000   0.00442   0.00271   1.61223   0.64672  
 82  0.0041  25110.996410  x:  0.00199   0.11099   0.07667   0.27906   0.50699   1.16402   1.33455   0.26740   0.81008   0.87211   0.04503   0.30758   0.30519   0.40188   0.22615   0.56676   0.00478   0.00736   0.00000   0.00465   0.00290   1.61243   0.64678  
 83  0.0006  25110.994596  x:  0.00198   0.11112   0.07640   0.27924   0.50706   1.16358   1.33505   0.26747   0.80994   0.87171   0.04501   0.30770   0.30527   0.40203   0.22625   0.56672   0.00471   0.00739   0.00000   0.00457   0.00294   1.61212   0.64692  
 84  0.0009  25110.994506  x:  0.00198   0.11110   0.07650   0.27922   0.50701   1.16350   1.33520   0.26756   0.80987   0.87186   0.04499   0.30769   0.30525   0.40200   0.22623   0.56674   0.00469   0.00739   0.00000   0.00458   0.00293   1.61212   0.64688  
 85  0.0002  25110.994504  x:  0.00198   0.11111   0.07648   0.27922   0.50702   1.16354   1.33521   0.26754   0.80988   0.87183   0.04500   0.30769   0.30525   0.40200   0.22624   0.56674   0.00469   0.00739   0.00000   0.00458   0.00293   1.61214   0.64688  
 86  0.0000  25110.994504  x:  0.00198   0.11111   0.07648   0.27922   0.50702   1.16353   1.33520   0.26754   0.80988   0.87183   0.04500   0.30769   0.30525   0.40200   0.22623   0.56674   0.00469   0.00739   0.00000   0.00458   0.00293   1.61213   0.64688  

Model 1: NearlyNeutral

TREE # 1

  0  0.0000  33386.016224  x:  0.08994   0.01590   0.05390   0.02198   0.10888   0.01139   0.02314   0.10806   0.03407   0.08527   0.08892   0.06650   0.10512   0.02095   0.01546   0.08134   0.05101   0.04385   0.01520   0.08525   0.01325   1.61213   0.73786   0.36560  
  1 99.0000  27121.518523  x:  0.07645   0.07183   0.07823   0.15391   0.15471   0.47125   0.38798   0.15369   0.18390   0.16009   0.10216   0.09526   0.12300   0.11901   0.11463   0.12279   0.03717   0.03032   0.00066   0.07104   0.00000   1.61099   0.74148   0.33698  
  2 56836.2789  27023.344193  x:  0.07567   0.07461   0.07943   0.16044   0.15708   0.49379   0.40592   0.15602   0.19143   0.16396   0.10285   0.09681   0.12398   0.12392   0.11953   0.12500   0.03638   0.02956   0.00000   0.07023   0.01230   1.61093   0.74165   0.33547  
  3 369142.4697  26502.251194  x:  0.04036   0.08106   0.08087   0.17083   0.18884   0.46458   0.39720   0.17879   0.23580   0.22016   0.11217   0.13668   0.15446   0.14745   0.12272   0.17803   0.00246   0.00000   0.00000   0.03518   0.01217   1.60886   0.73718   0.30523  
  4 4962.0177  26502.251194  x:  0.04036   0.08106   0.08087   0.17083   0.18884   0.46458   0.39720   0.17879   0.23580   0.22016   0.11217   0.13668   0.15446   0.14745   0.12272   0.17803   0.00246   0.00000   0.00000   0.03518   0.01217   1.60886   0.73718   0.30523  
  5 104021.6164  26460.465523  x:  0.04035   0.08106   0.08087   0.17084   0.18885   0.46459   0.39721   0.17879   0.23580   0.22016   0.11217   0.13669   0.15446   0.14746   0.12273   0.17803   0.00246   0.00544   0.00006   0.03517   0.01217   1.60886   0.73718   0.30522  
  6 1309019.6593  26459.638811  x:  0.04030   0.08107   0.08087   0.17087   0.18889   0.46462   0.39726   0.17883   0.23587   0.22023   0.11217   0.13672   0.15449   0.14749   0.12274   0.17809   0.00245   0.00544   0.00000   0.03511   0.01212   1.60886   0.73717   0.30518  
  7 4222.4617  26272.893181  x:  0.02010   0.08436   0.08143   0.18055   0.20299   0.47667   0.41423   0.19110   0.25775   0.24223   0.11384   0.14727   0.16332   0.15878   0.12833   0.19475   0.02483   0.00568   0.00000   0.01432   0.00000   1.60767   0.73417   0.28810  
  8 20108.6267  26162.792464  x:  0.00674   0.08660   0.08185   0.18705   0.21243   0.48466   0.42550   0.19928   0.27241   0.25697   0.11501   0.15439   0.16926   0.16637   0.13210   0.20593   0.03777   0.00583   0.00000   0.00059   0.00005   1.60689   0.73221   0.27680  
  9 97211.0336  26113.157263  x:  0.00000   0.08762   0.08198   0.19021   0.21704   0.48867   0.43114   0.20331   0.27957   0.26417   0.11551   0.15780   0.17212   0.17004   0.13390   0.21137   0.04375   0.00589   0.00000   0.00279   0.00007   1.60649   0.73113   0.27121  
 10 17347.3328  26017.606924  x:  0.00000   0.05253   0.03949   0.18503   0.22003   0.56525   0.52658   0.23199   0.29224   0.27866   0.06800   0.12516   0.14936   0.14945   0.11310   0.20753   0.04264   0.00603   0.00000   0.00242   0.00007   1.59808   0.65557   0.22562  
 11 922.3851  26013.719939  x:  0.01072   0.05636   0.04103   0.18336   0.21880   0.57712   0.54039   0.23392   0.29102   0.27826   0.06327   0.12297   0.14770   0.14766   0.11392   0.20588   0.04240   0.00604   0.00000   0.00236   0.00007   1.59661   0.64522   0.21684  
 12 1807.4396  25949.005505  x:  0.00000   0.10869   0.07827   0.16878   0.20438   0.65843   0.63096   0.23685   0.27087   0.26595   0.04393   0.12100   0.14500   0.14273   0.13308   0.19094   0.04060   0.00608   0.00000   0.00185   0.00008   1.58578   0.57969   0.15107  
 13 2581.4316  25889.227917  x:  0.00000   0.09256   0.07224   0.15795   0.19048   0.73431   0.70230   0.20552   0.24323   0.25157   0.10384   0.16064   0.17319   0.17944   0.12882   0.18119   0.04003   0.00605   0.00000   0.00103   0.00009   1.57325   0.53519   0.09306  
 14 904.6832  25796.319310  x:  0.00000   0.08367   0.08341   0.19332   0.22079   0.79990   0.73888   0.11985   0.26315   0.27303   0.11451   0.15994   0.17345   0.18116   0.14721   0.23396   0.04373   0.00588   0.00000   0.00000   0.00012   1.55760   0.52364   0.09976  
 15 469.2519  25796.319310  x:  0.00000   0.08367   0.08341   0.19332   0.22079   0.79990   0.73888   0.11985   0.26315   0.27303   0.11451   0.15994   0.17345   0.18116   0.14721   0.23396   0.04373   0.00588   0.00000   0.00000   0.00012   1.55760   0.52364   0.09976  
 16 655.3974  25767.035926  x:  0.00001   0.08367   0.08341   0.19332   0.22079   0.79990   0.73889   0.11986   0.26315   0.27303   0.11451   0.15994   0.17346   0.18116   0.14722   0.23396   0.04372   0.00587   0.00000   0.00468   0.00026   1.55760   0.52364   0.09976  
 17 984345.0430  25763.744750  x:  0.00000   0.08368   0.08341   0.19335   0.22083   0.79992   0.73891   0.11989   0.26323   0.27310   0.11451   0.15997   0.17348   0.18119   0.14723   0.23400   0.04364   0.00587   0.00000   0.00466   0.00095   1.55760   0.52365   0.09975  
 18 10270.9933  25600.939956  x:  0.00000   0.08763   0.08119   0.20677   0.24004   0.80669   0.74983   0.13625   0.30072   0.30850   0.11530   0.17578   0.18682   0.19664   0.15259   0.25603   0.00169   0.00534   0.00000   0.00466   0.00093   1.55705   0.52811   0.09416  
 19 2531.5896  25599.357120  x:  0.00013   0.08770   0.08115   0.20702   0.24039   0.80682   0.75003   0.13655   0.30141   0.30915   0.11531   0.17607   0.18706   0.19692   0.15269   0.25643   0.00094   0.00533   0.00000   0.00466   0.00093   1.55704   0.52820   0.09406  
 20 322731.3733  25334.859692  x:  0.00269   0.10712   0.06765   0.27993   0.34569   0.84483   0.81154   0.22719   0.50682   0.50352   0.11745   0.26122   0.25886   0.28085   0.18150   0.37746   0.02826   0.00789   0.00000   0.00467   0.00089   1.55407   0.54792   0.06978  
 21 6027.3309  25266.130471  x:  0.00289   0.10553   0.06313   0.28782   0.35923   0.85163   0.82291   0.24096   0.53597   0.53169   0.11243   0.26910   0.26497   0.29013   0.18352   0.39388   0.03037   0.00072   0.00000   0.00466   0.00089   1.55416   0.52807   0.10311  
 22 3093.7530  25092.515325  x:  0.00396   0.09517   0.03581   0.33464   0.44027   0.89310   0.89218   0.32407   0.71109   0.70111   0.08092   0.31539   0.30066   0.34527   0.19546   0.49239   0.04136   0.01778   0.00000   0.00467   0.00089   1.55484   0.40379   0.31090  
 23 60634.5139  25072.531762  x:  0.00403   0.12475   0.09429   0.33135   0.44527   0.91750   0.92706   0.34006   0.72216   0.71637   0.06646   0.30258   0.29148   0.34647   0.22251   0.50018   0.04232   0.01824   0.00000   0.00467   0.00090   1.55849   0.38563   0.32362  
 24 586.7900  25043.016089  x:  0.00400   0.08098   0.09936   0.29001   0.44212   1.03081   1.08519   0.38914   0.71870   0.73868   0.03481   0.24505   0.25738   0.35150   0.22530   0.50332   0.04169   0.01755   0.00000   0.00467   0.00090   1.58009   0.34712   0.28846  
 25 329.9218  25026.697104  x:  0.00400   0.12298   0.07778   0.25566   0.43771   1.12610   1.21574   0.40399   0.68560   0.73678   0.06914   0.26128   0.27922   0.36935   0.21208   0.49709   0.04186   0.01735   0.00000   0.00467   0.00090   1.60356   0.30416   0.27576  
 26 380.9698  25021.116058  x:  0.00400   0.10893   0.08129   0.27273   0.46244   1.16815   1.27191   0.38144   0.65742   0.72726   0.06019   0.29839   0.30081   0.35848   0.22572   0.49247   0.04184   0.01728   0.00000   0.00467   0.00090   1.61893   0.29213   0.27467  
 27 187.1862  25018.687564  x:  0.00400   0.11935   0.07401   0.29388   0.48371   1.19222   1.30330   0.32666   0.64882   0.73407   0.06149   0.29031   0.28600   0.35631   0.22031   0.50544   0.04188   0.01732   0.00000   0.00467   0.00090   1.63467   0.30091   0.28068  
 28 82.9331  25017.098709  x:  0.00402   0.10903   0.08143   0.28721   0.47579   1.20896   1.32504   0.26781   0.65462   0.74936   0.07231   0.28864   0.29000   0.36217   0.22338   0.51160   0.04204   0.01744   0.00000   0.00467   0.00090   1.64797   0.31038   0.28798  
 29 89.5665  25016.646651  x:  0.00402   0.11291   0.07897   0.28189   0.46878   1.21448   1.33133   0.24805   0.66111   0.75520   0.06220   0.29130   0.29304   0.35768   0.22229   0.51063   0.04206   0.01744   0.00000   0.00467   0.00090   1.65112   0.31294   0.28810  
 30 66.0059  25016.545045  x:  0.00402   0.11339   0.07871   0.28569   0.46713   1.21811   1.33216   0.24234   0.66861   0.75495   0.06305   0.29235   0.29049   0.35792   0.22229   0.50130   0.04208   0.01742   0.00000   0.00467   0.00090   1.64844   0.30941   0.28600  
 31 12.9734  25016.465608  x:  0.00402   0.11319   0.07911   0.29040   0.46361   1.22405   1.33183   0.23854   0.67549   0.74724   0.06323   0.28962   0.29421   0.35763   0.22140   0.50449   0.04207   0.01741   0.00000   0.00467   0.00090   1.64145   0.30609   0.28438  
 32  6.7713  25016.398830  x:  0.00402   0.11306   0.07783   0.29071   0.46061   1.22901   1.33169   0.23742   0.67940   0.74195   0.06383   0.29294   0.29013   0.35788   0.22421   0.50802   0.04206   0.01740   0.00000   0.00467   0.00091   1.63619   0.30741   0.28525  
 33  8.8946  25016.211750  x:  0.00401   0.11224   0.08138   0.28875   0.46246   1.23881   1.33140   0.23882   0.68296   0.73848   0.06328   0.29560   0.28937   0.35848   0.21696   0.50613   0.04203   0.01743   0.00000   0.00467   0.00091   1.62834   0.31755   0.29100  
 34  5.9507  25015.709466  x:  0.00400   0.11397   0.07579   0.28251   0.47129   1.25598   1.32811   0.24029   0.68510   0.73877   0.06281   0.28824   0.29625   0.35945   0.22635   0.49873   0.04190   0.01743   0.00000   0.00467   0.00092   1.61575   0.33157   0.29906  
 35 16.5841  25009.775634  x:  0.00383   0.10928   0.07880   0.22240   0.53504   1.36129   1.27622   0.22722   0.66658   0.80812   0.05942   0.29186   0.29125   0.35686   0.22306   0.51559   0.03995   0.01652   0.00000   0.00466   0.00102   1.55329   0.28933   0.26619  
 36 16.4301  24986.829469  x:  0.00324   0.10186   0.07131   0.29018   0.47215   1.51454   1.30290   0.28565   0.68616   0.91111   0.00000   0.29412   0.29723   0.46146   0.22837   0.53902   0.03347   0.01394   0.00000   0.00464   0.00139   1.67130   0.27216   0.22985  
 37 26.1041  24976.049215  x:  0.00294   0.09459   0.06854   0.30990   0.45621   1.53385   1.37805   0.32547   0.74380   0.96054   0.04406   0.29014   0.30127   0.36659   0.23121   0.55806   0.03010   0.01261   0.00000   0.00463   0.00158   1.72045   0.27603   0.21579  
 38 96.0952  24965.164864  x:  0.00262   0.09136   0.06792   0.24065   0.54647   1.37358   1.58253   0.30952   0.83026   0.92015   0.02658   0.29213   0.30177   0.40572   0.23040   0.56781   0.02651   0.01126   0.00000   0.00462   0.00176   1.66302   0.25968   0.19046  
 39 59.5891  24964.960888  x:  0.00261   0.09152   0.06733   0.25252   0.53364   1.36552   1.59438   0.30927   0.81737   0.93580   0.02579   0.29227   0.30218   0.40620   0.23058   0.56748   0.02640   0.01123   0.00000   0.00462   0.00177   1.63928   0.26220   0.19160  
 40  8.9323  24952.402155  x:  0.00159   0.11763   0.08124   0.29492   0.54155   1.39459   1.57655   0.28615   0.85540   0.99518   0.03034   0.31321   0.31269   0.43613   0.23659   0.58098   0.01535   0.00879   0.00000   0.00461   0.00216   1.69834   0.29885   0.18745  
 41  0.0879  24946.531104  x:  0.00096   0.12220   0.08639   0.30051   0.54080   1.29858   1.51691   0.25631   0.86881   0.98725   0.03431   0.33130   0.32555   0.42468   0.24226   0.57914   0.00833   0.00959   0.00000   0.00466   0.00227   1.66704   0.29939   0.21546  
 42  0.0544  24944.940237  x:  0.00065   0.11690   0.08134   0.29522   0.53652   1.31221   1.48580   0.26480   0.86651   0.98248   0.03388   0.32629   0.32173   0.41857   0.23926   0.57661   0.00479   0.00920   0.00000   0.00468   0.00233   1.66502   0.29190   0.20640  
 43  0.0428  24944.215396  x:  0.00078   0.11178   0.07681   0.28880   0.53078   1.32557   1.47442   0.27398   0.85410   0.96697   0.03408   0.31725   0.31500   0.41435   0.23536   0.57161   0.00615   0.00931   0.00000   0.00469   0.00229   1.66524   0.28734   0.20356  
 44  0.0561  24944.012038  x:  0.00073   0.11156   0.07683   0.28868   0.52832   1.31574   1.49228   0.27351   0.84496   0.95628   0.03426   0.31201   0.31129   0.41751   0.23419   0.56902   0.00537   0.00907   0.00000   0.00471   0.00234   1.66701   0.29186   0.20719  
 45  0.0152  24943.892610  x:  0.00079   0.11337   0.07962   0.29101   0.52811   1.32690   1.50344   0.27267   0.83853   0.95311   0.03450   0.31364   0.31273   0.41582   0.23555   0.56892   0.00564   0.00858   0.00000   0.00472   0.00241   1.67209   0.29427   0.21007  
 46  0.0079  24943.758441  x:  0.00084   0.11180   0.07860   0.28674   0.52892   1.33223   1.49751   0.27231   0.83626   0.94943   0.03523   0.31476   0.31342   0.41244   0.23549   0.56837   0.00536   0.00755   0.00000   0.00474   0.00257   1.66665   0.28958   0.20698  
 47  0.0040  24943.686136  x:  0.00092   0.11243   0.07787   0.28807   0.52924   1.31944   1.49161   0.27090   0.84190   0.95363   0.03537   0.31434   0.31290   0.41564   0.23485   0.56908   0.00555   0.00710   0.00000   0.00473   0.00267   1.66612   0.29252   0.20918  
 48  0.0081  24943.656538  x:  0.00094   0.11244   0.07811   0.29145   0.52680   1.31941   1.48771   0.27499   0.84352   0.95684   0.03407   0.31289   0.31205   0.41491   0.23465   0.56908   0.00542   0.00723   0.00000   0.00471   0.00272   1.67061   0.29478   0.21165  
 49  0.0033  24943.534417  x:  0.00120   0.11064   0.07891   0.28814   0.52918   1.32392   1.49889   0.27697   0.84536   0.95869   0.03243   0.31385   0.31275   0.41751   0.23594   0.56952   0.00518   0.00712   0.00000   0.00462   0.00309   1.66599   0.29114   0.21044  
 50  0.0019  24943.420615  x:  0.00152   0.11221   0.07788   0.28667   0.53091   1.32414   1.49319   0.27103   0.84391   0.95587   0.03418   0.31440   0.31289   0.41729   0.23516   0.56925   0.00499   0.00781   0.00000   0.00452   0.00345   1.66666   0.29211   0.20978  
 51  0.0037  24943.406277  x:  0.00156   0.11244   0.07807   0.28905   0.52850   1.32242   1.49281   0.27230   0.84099   0.95477   0.03477   0.31381   0.31268   0.41480   0.23483   0.56896   0.00496   0.00758   0.00000   0.00455   0.00349   1.66794   0.29265   0.20900  
 52  0.0041  24943.392158  x:  0.00166   0.11164   0.07870   0.28992   0.52760   1.31634   1.48926   0.27524   0.84293   0.95282   0.03529   0.31381   0.31270   0.41529   0.23528   0.56892   0.00502   0.00760   0.00000   0.00467   0.00346   1.66744   0.29108   0.20792  
 53  0.0014  24943.352764  x:  0.00181   0.11238   0.07834   0.28811   0.52963   1.32219   1.49245   0.27458   0.84375   0.95213   0.03403   0.31405   0.31275   0.41602   0.23541   0.56912   0.00472   0.00766   0.00000   0.00498   0.00324   1.66738   0.29242   0.20898  
 54  0.0014  24943.337664  x:  0.00186   0.11238   0.07793   0.28906   0.52849   1.32271   1.49246   0.27205   0.84139   0.95582   0.03467   0.31395   0.31275   0.41538   0.23472   0.56908   0.00491   0.00759   0.00000   0.00501   0.00307   1.66694   0.29256   0.20922  
 55  0.0027  24943.319718  x:  0.00197   0.11189   0.07824   0.28864   0.52898   1.32070   1.49326   0.27082   0.84118   0.95718   0.03529   0.31378   0.31273   0.41479   0.23480   0.56895   0.00469   0.00751   0.00000   0.00473   0.00302   1.66897   0.29201   0.20905  
 56  0.0010  24943.314201  x:  0.00201   0.11219   0.07827   0.28826   0.52935   1.32160   1.49327   0.27248   0.84217   0.95528   0.03468   0.31388   0.31272   0.41522   0.23508   0.56901   0.00477   0.00755   0.00000   0.00463   0.00297   1.66817   0.29224   0.20897  
 57  0.0021  24943.313898  x:  0.00202   0.11223   0.07820   0.28866   0.52889   1.32159   1.49229   0.27283   0.84208   0.95482   0.03465   0.31390   0.31271   0.41541   0.23500   0.56901   0.00475   0.00754   0.00000   0.00463   0.00297   1.66755   0.29235   0.20904  
 58  0.0013  24943.313894  x:  0.00201   0.11223   0.07819   0.28869   0.52890   1.32149   1.49236   0.27280   0.84213   0.95478   0.03465   0.31391   0.31272   0.41539   0.23498   0.56902   0.00475   0.00754   0.00000   0.00463   0.00297   1.66753   0.29237   0.20906  
 59  0.0001  24943.313894  x:  0.00201   0.11222   0.07819   0.28869   0.52889   1.32151   1.49237   0.27280   0.84213   0.95477   0.03466   0.31391   0.31272   0.41539   0.23498   0.56902   0.00475   0.00754   0.00000   0.00463   0.00297   1.66754   0.29237   0.20906  
 60  0.0000  24943.313893  x:  0.00201   0.11222   0.07819   0.28869   0.52889   1.32151   1.49237   0.27280   0.84213   0.95477   0.03466   0.31391   0.31272   0.41539   0.23498   0.56902   0.00475   0.00754   0.00000   0.00463   0.00297   1.66754   0.29237   0.20906  
 61  0.0000  24943.313893  x:  0.00201   0.11222   0.07819   0.28869   0.52889   1.32150   1.49237   0.27280   0.84213   0.95477   0.03466   0.31391   0.31272   0.41539   0.23498   0.56902   0.00475   0.00754   0.00000   0.00463   0.00297   1.66754   0.29237   0.20906  
 62  0.0000  24943.313893  x:  0.00201   0.11222   0.07819   0.28869   0.52889   1.32150   1.49237   0.27280   0.84213   0.95477   0.03466   0.31391   0.31272   0.41539   0.23498   0.56902   0.00475   0.00754   0.00000   0.00463   0.00297   1.66754   0.29237   0.20906  
 63  0.0000  24943.313893  x:  0.00201   0.11222   0.07819   0.28869   0.52889   1.32150   1.49237   0.27280   0.84213   0.95477   0.03466   0.31391   0.31272   0.41539   0.23498   0.56902   0.00475   0.00754   0.00000   0.00463   0.00297   1.66754   0.29237   0.20906  
 64  0.0000  24943.313893  x:  0.00201   0.11222   0.07819   0.28869   0.52889   1.32150   1.49237   0.27280   0.84213   0.95477   0.03466   0.31391   0.31272   0.41539   0.23498   0.56902   0.00475   0.00754   0.00000   0.00463   0.00297   1.66754   0.29237   0.20906  
 65  0.0000  24943.313893  x:  0.00201   0.11222   0.07819   0.28869   0.52889   1.32150   1.49237   0.27280   0.84213   0.95477   0.03466   0.31391   0.31272   0.41539   0.23498   0.56902   0.00475   0.00754   0.00000   0.00463   0.00297   1.66754   0.29237   0.20906  
 66  0.0000  24943.313893  x:  0.00201   0.11222   0.07819   0.28869   0.52889   1.32150   1.49237   0.27280   0.84213   0.95477   0.03466   0.31391   0.31272   0.41539   0.23498   0.56902   0.00475   0.00754   0.00000   0.00463   0.00297   1.66754   0.29237   0.20906  
check convergence!


Model 2: PositiveSelection

TREE # 1

  0  0.0000  32641.064819  x:  0.08326   0.02280   0.05716   0.06716   0.06287   0.02928   0.04946   0.03079   0.05746   0.05582   0.05148   0.01856   0.10533   0.02811   0.08015   0.01066   0.02157   0.10092   0.08796   0.10732   0.07485   1.66754   1.50640   0.25453   0.13656   2.07300  
  1 99.0000  27409.179880  x:  0.05968   0.07775   0.06573   0.10832   0.13201   0.24491   0.23273   0.14851   0.17083   0.16002   0.07556   0.12465   0.12295   0.11586   0.08905   0.36620   0.00000   0.07726   0.06355   0.08337   0.05021   1.66645   1.51188   0.25159   0.11374   2.07630  
  2 42431.5681  26658.215886  x:  0.01140   0.06444   0.06382   0.13788   0.16839   0.26136   0.26456   0.16479   0.21469   0.20546   0.07850   0.12514   0.13841   0.13037   0.10472   0.30726   0.01200   0.02941   0.01246   0.03383   0.00000   1.66539   1.51204   0.25232   0.10864   2.07380  
  3 5567.0337  26523.606540  x:  0.00000   0.06154   0.06334   0.14427   0.17628   0.26520   0.27184   0.16845   0.22436   0.21549   0.07902   0.12530   0.14181   0.13355   0.10806   0.29397   0.01261   0.01824   0.00063   0.02227   0.00315   1.66514   1.51212   0.25247   0.10728   2.07324  
  4 29252.3298  26516.000034  x:  0.00044   0.06145   0.06329   0.14451   0.17658   0.26548   0.27231   0.16864   0.22481   0.21596   0.07898   0.12532   0.14196   0.13367   0.10816   0.29318   0.01177   0.01745   0.00000   0.02135   0.00317   1.66512   1.51215   0.25247   0.10709   2.07320  
  5 7953.4596  26474.496819  x:  0.00000   0.06109   0.06287   0.14543   0.17785   0.26747   0.27550   0.16982   0.22720   0.21851   0.07839   0.12557   0.14275   0.13424   0.10837   0.28797   0.00274   0.01214   0.00000   0.01457   0.00267   1.66499   1.51244   0.25243   0.10538   2.07298  
  6 26114.5509  26474.496819  x:  0.00000   0.06109   0.06287   0.14543   0.17785   0.26747   0.27550   0.16982   0.22720   0.21851   0.07839   0.12557   0.14275   0.13424   0.10837   0.28797   0.00274   0.01214   0.00000   0.01457   0.00267   1.66499   1.51244   0.25243   0.10538   2.07298  
  7 1818.3118  26469.054014  x:  0.00361   0.06113   0.06285   0.14576   0.17830   0.26823   0.27637   0.17028   0.22789   0.21920   0.07841   0.12583   0.14293   0.13456   0.10849   0.28804   0.00309   0.01146   0.00185   0.01370   0.00223   1.66497   1.51248   0.25242   0.10514   2.07295  
  8 7966.5074  26431.499968  x:  0.00481   0.06132   0.06271   0.14743   0.18064   0.27215   0.28084   0.17264   0.23147   0.22279   0.07849   0.12722   0.14389   0.13624   0.10909   0.28838   0.00241   0.00796   0.00000   0.00921   0.00047   1.66486   1.51270   0.25239   0.10391   2.07283  
  9 4741.3099  26379.256735  x:  0.00697   0.06167   0.06245   0.15060   0.18509   0.27958   0.28933   0.17711   0.23826   0.22960   0.07863   0.12983   0.14571   0.13942   0.11025   0.28902   0.00133   0.00157   0.00000   0.00079   0.00153   1.66466   1.51310   0.25231   0.10159   2.07258  
 10 75749.2745  25840.660562  x:  0.02523   0.07132   0.05503   0.23615   0.30550   0.48232   0.52078   0.29850   0.42275   0.41473   0.08149   0.20043   0.19471   0.22540   0.14136   0.30673   0.02159   0.01326   0.00000   0.01014   0.00805   1.65922   1.52383   0.25073   0.03998   2.06547  
 11 9217.5259  25666.292188  x:  0.01742   0.07166   0.05146   0.24654   0.32267   0.52063   0.56456   0.31855   0.45463   0.44746   0.07523   0.20794   0.19956   0.23650   0.14455   0.31195   0.00000   0.01599   0.00000   0.01615   0.01004   1.65869   1.51610   0.25768   0.09498   2.06109  
 12 3960.3597  25506.341372  x:  0.00000   0.07329   0.04783   0.25807   0.34272   0.56906   0.61983   0.34299   0.49393   0.48812   0.06578   0.21596   0.20489   0.24925   0.14873   0.32000   0.01901   0.01373   0.00000   0.01703   0.01039   1.65813   1.50399   0.26839   0.17787   2.05427  
 13 14951.6289  25458.290492  x:  0.06423   0.13426   0.10475   0.26189   0.35283   0.63107   0.68672   0.36287   0.52962   0.53066   0.06358   0.22445   0.22587   0.26527   0.19003   0.37931   0.03042   0.03058   0.00000   0.00487   0.01115   1.65727   1.48439   0.29247   0.27933   2.02204  
 14 1275.9637  25447.839197  x:  0.07058   0.13404   0.10850   0.26126   0.35236   0.63887   0.69368   0.36204   0.53018   0.53367   0.07188   0.22889   0.23577   0.27050   0.19388   0.40130   0.03145   0.01008   0.00000   0.02106   0.01198   1.65684   1.48189   0.29843   0.28873   2.00888  
 15 690.5584  25416.429607  x:  0.07620   0.08958   0.09726   0.25665   0.34602   0.66531   0.71071   0.34463   0.51540   0.53367   0.12866   0.25561   0.29378   0.29772   0.19574   0.53338   0.03364   0.02126   0.00000   0.01285   0.01195   1.65368   1.47325   0.33250   0.30984   1.92080  
 16 619.3532  25391.122038  x:  0.04381   0.12314   0.12537   0.27796   0.36210   0.69049   0.71725   0.31603   0.49418   0.52417   0.10856   0.23060   0.27738   0.26789   0.22595   0.66771   0.02840   0.02527   0.00000   0.01056   0.01174   1.64611   1.46929   0.38868   0.28442   1.74741  
 17 327.4449  25368.356153  x:  0.05502   0.09357   0.10459   0.26718   0.35473   0.71163   0.72726   0.30756   0.51281   0.54432   0.06046   0.22747   0.22725   0.25462   0.19714   0.69740   0.02855   0.02295   0.00000   0.01213   0.01184   1.63578   1.45238   0.46977   0.26640   1.50272  
 18 314.7016  25326.143285  x:  0.04164   0.12878   0.11843   0.23782   0.33418   0.71554   0.71665   0.28758   0.53762   0.56968   0.08458   0.25697   0.21903   0.30270   0.19348   0.62844   0.02515   0.02512   0.00000   0.01130   0.01196   1.61274   1.39823   0.64132   0.23840   1.00000  
 19 635.6854  25326.143285  x:  0.04164   0.12878   0.11843   0.23782   0.33418   0.71554   0.71665   0.28758   0.53762   0.56968   0.08458   0.25697   0.21903   0.30270   0.19348   0.62844   0.02515   0.02512   0.00000   0.01130   0.01196   1.61274   1.39823   0.64132   0.23840   1.00000  
 20 540.3137  25274.311663  x:  0.02835   0.12565   0.11568   0.23989   0.33706   0.71869   0.72062   0.28993   0.54056   0.57244   0.08423   0.25783   0.22109   0.30356   0.19313   0.62680   0.01274   0.01434   0.00000   0.00149   0.00105   1.61255   1.39731   0.64193   0.24188   1.00012  
 21 2338.6142  25243.875839  x:  0.01423   0.12236   0.11278   0.24208   0.34012   0.72204   0.72486   0.29242   0.54368   0.57539   0.08385   0.25874   0.22325   0.30446   0.19278   0.62505   0.00000   0.00369   0.00000   0.00179   0.00248   1.61234   1.39636   0.64255   0.24539   1.00027  
 22 5757.2284  25236.512139  x:  0.00847   0.12091   0.11148   0.24307   0.34152   0.72359   0.72681   0.29356   0.54512   0.57674   0.08367   0.25915   0.22423   0.30488   0.19263   0.62424   0.00137   0.00140   0.00000   0.00262   0.00204   1.61225   1.39593   0.64283   0.24689   1.00034  
 23 2762.3172  25227.549185  x:  0.00112   0.11906   0.10982   0.24435   0.34331   0.72557   0.72932   0.29503   0.54696   0.57848   0.08344   0.25967   0.22549   0.30541   0.19244   0.62320   0.00196   0.00193   0.00000   0.00311   0.00175   1.61213   1.39538   0.64319   0.24881   1.00043  
 24 9665.6772  25188.403928  x:  0.00172   0.09841   0.09128   0.25869   0.36341   0.74816   0.75783   0.31162   0.56787   0.59824   0.08079   0.26555   0.23958   0.31146   0.19059   0.61147   0.00361   0.00219   0.00000   0.00028   0.00495   1.61077   1.38928   0.64719   0.26971   1.00156  
 25 1306.4429  25130.812671  x:  0.00455   0.04995   0.04773   0.29244   0.41073   0.80136   0.82496   0.35067   0.61712   0.64478   0.07456   0.27940   0.27273   0.32572   0.18630   0.58387   0.00494   0.00396   0.00000   0.00270   0.00500   1.60756   1.37491   0.65660   0.31896   1.00420  
 26 139912.3152  25030.665847  x:  0.00750   0.14251   0.07967   0.36883   0.52118   0.94813   1.00947   0.44963   0.74809   0.77132   0.05850   0.31038   0.34190   0.36693   0.23735   0.52035   0.00608   0.00591   0.00000   0.00405   0.00659   1.59889   1.34108   0.67878   0.39563   1.01557  
 27 1483.2216  24998.783282  x:  0.00675   0.13381   0.07583   0.33147   0.50938   1.03467   1.12192   0.47342   0.80749   0.83909   0.04918   0.29974   0.30441   0.39498   0.22777   0.53071   0.00518   0.00524   0.00000   0.00381   0.00552   1.59990   1.32384   0.68998   0.29300   1.03936  
 28 356.8962  24987.211103  x:  0.00686   0.12882   0.08968   0.27685   0.46945   1.08466   1.18684   0.46131   0.82282   0.86806   0.03453   0.28803   0.26564   0.39836   0.22050   0.55250   0.00552   0.00542   0.00000   0.00385   0.00587   1.60422   1.29372   0.70986   0.32020   1.05470  
 29 277.8102  24981.599837  x:  0.00686   0.12147   0.09846   0.25131   0.45114   1.12300   1.23524   0.40936   0.80599   0.87527   0.05568   0.31302   0.29764   0.40375   0.22839   0.58033   0.00565   0.00547   0.00000   0.00385   0.00601   1.61319   1.25265   0.73689   0.31867   1.07779  
 30 142.0938  24973.449610  x:  0.00685   0.12272   0.09401   0.26994   0.47147   1.18666   1.31275   0.29026   0.75880   0.87400   0.03137   0.31114   0.30259   0.37799   0.23440   0.61968   0.00567   0.00549   0.00000   0.00387   0.00600   1.63217   1.16331   0.79582   0.30484   1.12591  
 31 193.8405  24971.074849  x:  0.00688   0.12743   0.08980   0.28094   0.47971   1.20442   1.33258   0.25033   0.74531   0.87406   0.05625   0.29863   0.28884   0.38579   0.22876   0.61544   0.00572   0.00554   0.00000   0.00389   0.00606   1.63931   1.12382   0.82223   0.30355   1.14354  
 32 168.2271  24968.569898  x:  0.00682   0.12359   0.09685   0.27982   0.46650   1.21110   1.33273   0.22098   0.74703   0.87151   0.05009   0.30331   0.28694   0.38570   0.22857   0.55534   0.00567   0.00548   0.00000   0.00388   0.00597   1.64959   1.04335   0.87747   0.28823   1.16929  
 33 65.9559  24966.787128  x:  0.00687   0.13990   0.07784   0.27904   0.45669   1.20693   1.31758   0.22998   0.76203   0.86840   0.04643   0.30155   0.29489   0.38565   0.21955   0.55663   0.00566   0.00553   0.00000   0.00392   0.00598   1.65538   0.95425   0.94095   0.27566   1.18507  
 34 67.1091  24963.117280  x:  0.00691   0.12856   0.09032   0.29197   0.45409   1.19320   1.27962   0.26584   0.79590   0.86149   0.04795   0.29360   0.29387   0.38927   0.23749   0.58422   0.00580   0.00559   0.00000   0.00394   0.00609   1.66587   0.75266   1.08651   0.24626   1.21204  
 35 226.9022  24962.711505  x:  0.00695   0.12824   0.09607   0.29098   0.46144   1.19046   1.27817   0.27264   0.79279   0.86118   0.04747   0.30622   0.28791   0.39024   0.22688   0.58718   0.00582   0.00561   0.00000   0.00396   0.00610   1.66653   0.72962   1.10514   0.24254   1.20784  
 36 50.5631  24962.087415  x:  0.00694   0.13009   0.09058   0.26774   0.48369   1.18170   1.28709   0.28752   0.76560   0.86450   0.04560   0.30772   0.28480   0.39452   0.23463   0.58206   0.00579   0.00560   0.00000   0.00396   0.00608   1.66645   0.69438   1.14147   0.23381   1.17192  
 37 26.5868  24961.759415  x:  0.00695   0.12883   0.09664   0.26150   0.48937   1.17760   1.29279   0.29052   0.75561   0.87049   0.04488   0.29742   0.29296   0.39308   0.22632   0.57959   0.00577   0.00559   0.00000   0.00397   0.00605   1.66598   0.67692   1.16225   0.22800   1.14061  
 38 39.0975  24959.803465  x:  0.00687   0.12958   0.09442   0.26851   0.47949   1.16822   1.30816   0.27684   0.74761   0.89792   0.04787   0.29893   0.29254   0.38274   0.22737   0.57559   0.00571   0.00556   0.00000   0.00396   0.00597   1.66392   0.62358   1.23287   0.20906   1.00000  
 39 45.9608  24959.595736  x:  0.00683   0.12972   0.09401   0.27179   0.47573   1.17016   1.31473   0.26672   0.74812   0.89724   0.04129   0.29875   0.29357   0.39622   0.22697   0.57459   0.00567   0.00554   0.00000   0.00395   0.00593   1.66144   0.59765   1.26912   0.20005   1.00000  
 40 23.5689  24959.321708  x:  0.00675   0.12984   0.09352   0.26613   0.48004   1.18836   1.31989   0.25985   0.75949   0.87733   0.04642   0.29811   0.29368   0.38604   0.22653   0.57031   0.00560   0.00550   0.00000   0.00395   0.00583   1.66281   0.57474   1.30758   0.18977   1.00000  
 41 12.5930  24957.965391  x:  0.00635   0.12837   0.09282   0.24848   0.50784   1.21872   1.29371   0.24193   0.78524   0.90376   0.04051   0.29956   0.29631   0.39639   0.22714   0.57304   0.00526   0.00531   0.00000   0.00391   0.00541   1.72027   0.61354   1.36086   0.19128   1.00000  
 42  2.6864  24951.841141  x:  0.00429   0.12073   0.08493   0.30240   0.47928   1.33802   1.31620   0.30145   0.76793   0.89749   0.03469   0.30464   0.30349   0.41817   0.23163   0.56408   0.00371   0.00434   0.00000   0.00369   0.00338   1.74175   0.82835   1.54197   0.20913   1.00000  
 43 21.5310  24948.489463  x:  0.00329   0.11663   0.08233   0.28641   0.51465   1.32360   1.35148   0.27676   0.83130   0.89502   0.03396   0.30861   0.30751   0.42297   0.23370   0.56484   0.00290   0.00384   0.00000   0.00359   0.00233   1.65116   0.94136   1.61957   0.22352   1.00000  
 44 40.0735  24948.168563  x:  0.00320   0.11642   0.08236   0.28963   0.51425   1.29213   1.38461   0.27837   0.84556   0.87886   0.03485   0.30895   0.30778   0.42320   0.23363   0.56519   0.00284   0.00381   0.00000   0.00359   0.00224   1.67490   0.94204   1.61331   0.22464   1.00000  
 45  9.4899  24945.871613  x:  0.00229   0.11420   0.07969   0.29152   0.52061   1.28216   1.43447   0.28309   0.82241   0.95256   0.03835   0.31070   0.31135   0.41092   0.23432   0.56244   0.00305   0.00401   0.00000   0.00360   0.00219   1.67631   0.49927   1.11100   0.19800   1.00000  
 46  3.1608  24944.040853  x:  0.00203   0.11412   0.07882   0.29200   0.52878   1.29415   1.47539   0.27918   0.85097   0.94603   0.03641   0.31426   0.31195   0.41640   0.23596   0.56901   0.00517   0.00552   0.00000   0.00383   0.00401   1.65757   0.59321   1.18696   0.20874   1.00000  
 47  0.2367  24943.573239  x:  0.00234   0.11317   0.07833   0.29026   0.52896   1.32440   1.48993   0.27677   0.84320   0.95556   0.03414   0.31460   0.31256   0.41606   0.23526   0.57070   0.00556   0.00638   0.00000   0.00390   0.00287   1.66838   0.57427   1.18507   0.20949   1.00000  
 48  0.0361  24943.499642  x:  0.00180   0.11236   0.07809   0.28866   0.52962   1.32804   1.49606   0.27306   0.84220   0.95638   0.03408   0.31413   0.31307   0.41574   0.23505   0.56888   0.00550   0.00658   0.00000   0.00396   0.00289   1.66944   0.56538   1.18412   0.20937   1.00000  
 49  0.0110  24943.393934  x:  0.00210   0.11229   0.07843   0.28556   0.52988   1.31869   1.50192   0.26546   0.84062   0.95562   0.03547   0.31285   0.31326   0.41394   0.23437   0.56610   0.00513   0.00721   0.00000   0.00416   0.00305   1.66631   0.53801   1.16418   0.20776   1.00000  
 50  0.0152  24943.328172  x:  0.00201   0.11213   0.07801   0.28892   0.52787   1.32288   1.49341   0.27069   0.84124   0.95503   0.03480   0.31380   0.31256   0.41546   0.23483   0.57023   0.00472   0.00763   0.00000   0.00432   0.00299   1.66798   0.56772   1.18196   0.20970   1.00000  
 51  0.0189  24943.323773  x:  0.00203   0.11222   0.07828   0.28895   0.52882   1.32133   1.49178   0.27328   0.84228   0.95481   0.03459   0.31400   0.31274   0.41545   0.23499   0.56868   0.00470   0.00765   0.00000   0.00435   0.00298   1.66744   0.56606   1.18325   0.20889   1.00000  
 52  0.0034  24943.319014  x:  0.00200   0.11281   0.07803   0.28756   0.53038   1.32032   1.49288   0.27368   0.84269   0.95416   0.03472   0.31370   0.31286   0.41504   0.23504   0.56939   0.00475   0.00764   0.00000   0.00448   0.00298   1.66747   0.56580   1.18142   0.20914   1.00000  
 53  0.0005  24943.314503  x:  0.00201   0.11220   0.07859   0.28843   0.52897   1.32189   1.49256   0.27281   0.84190   0.95474   0.03470   0.31390   0.31263   0.41543   0.23501   0.56912   0.00477   0.00758   0.00000   0.00461   0.00297   1.66778   0.56456   1.18016   0.20913   1.00000  
 54  0.0014  24943.313934  x:  0.00201   0.11230   0.07817   0.28879   0.52874   1.32164   1.49233   0.27272   0.84203   0.95486   0.03466   0.31395   0.31270   0.41543   0.23502   0.56898   0.00476   0.00755   0.00000   0.00463   0.00297   1.66753   0.56372   1.17980   0.20902   1.00000  
 55  0.0010  24943.313894  x:  0.00201   0.11223   0.07820   0.28872   0.52888   1.32147   1.49237   0.27278   0.84215   0.95479   0.03465   0.31391   0.31273   0.41538   0.23498   0.56903   0.00475   0.00754   0.00000   0.00463   0.00297   1.66752   0.56401   1.17991   0.20906   1.00000  
 56  0.0003  24943.313894  x:  0.00201   0.11222   0.07819   0.28869   0.52889   1.32150   1.49236   0.27280   0.84213   0.95477   0.03466   0.31391   0.31272   0.41539   0.23498   0.56902   0.00475   0.00754   0.00000   0.00463   0.00297   1.66755   0.56404   1.18000   0.20906   1.00000  
 57  0.0001  24943.313893  x:  0.00201   0.11222   0.07819   0.28869   0.52889   1.32151   1.49236   0.27280   0.84213   0.95477   0.03466   0.31391   0.31272   0.41539   0.23498   0.56902   0.00475   0.00754   0.00000   0.00463   0.00297   1.66754   0.56404   1.17999   0.20906   1.00000  
 58  0.0000  24943.313893  x:  0.00201   0.11222   0.07819   0.28869   0.52889   1.32151   1.49237   0.27280   0.84213   0.95477   0.03466   0.31391   0.31272   0.41539   0.23498   0.56902   0.00475   0.00754   0.00000   0.00463   0.00297   1.66754   0.56404   1.17999   0.20906   1.00000  
 59  0.0000  24943.313893  x:  0.00201   0.11222   0.07819   0.28869   0.52889   1.32151   1.49237   0.27280   0.84213   0.95477   0.03466   0.31391   0.31272   0.41539   0.23498   0.56902   0.00475   0.00754   0.00000   0.00463   0.00297   1.66754   0.56404   1.17999   0.20906   1.00000  
 60  0.0000  24943.313893  x:  0.00201   0.11222   0.07819   0.28869   0.52889   1.32151   1.49237   0.27280   0.84213   0.95477   0.03466   0.31391   0.31272   0.41539   0.23498   0.56902   0.00475   0.00754   0.00000   0.00463   0.00297   1.66754   0.56404   1.17999   0.20906   1.00000  

Model 3: discrete

TREE # 1

  0  0.0000  32138.042328  x:  0.10534   0.05408   0.04362   0.01441   0.07336   0.08729   0.09440   0.08012   0.03150   0.07448   0.06630   0.01815   0.05233   0.04497   0.02584   0.03187   0.06371   0.08522   0.07117   0.09002   0.02542   1.66754   0.88820   0.15027   0.32344   0.68169   1.33740  
  1 99.0000  27117.857060  x:  0.08018   0.08139   0.07769   0.22247   0.18065   0.21575   0.22756   0.15773   0.28909   0.20820   0.09467   0.21563   0.13867   0.13323   0.13171   0.21126   0.03872   0.05994   0.04487   0.06441   0.00000   1.66558   0.89251   0.14779   0.29221   0.67191   1.35119  
  2 28582.5795  26674.420652  x:  0.03959   0.08292   0.07343   0.19998   0.19806   0.26335   0.28452   0.18570   0.28299   0.23588   0.09909   0.18551   0.14442   0.14906   0.12100   0.20655   0.00000   0.02210   0.00535   0.02642   0.06826   1.66375   0.89417   0.14633   0.27230   0.66932   1.35617  
  3 4881.9035  26626.597816  x:  0.03471   0.08322   0.07303   0.19709   0.19975   0.26797   0.28998   0.18839   0.28190   0.23868   0.09935   0.18191   0.14500   0.15047   0.11986   0.20590   0.00302   0.01769   0.00000   0.02153   0.06780   1.66352   0.89441   0.14613   0.26966   0.66897   1.35680  
  4 8211.9078  26490.803623  x:  0.01444   0.08421   0.07160   0.18540   0.20590   0.28476   0.30968   0.19814   0.27706   0.24907   0.09996   0.16769   0.14718   0.15533   0.11561   0.20330   0.00124   0.00103   0.00000   0.00180   0.05505   1.66257   0.89544   0.14531   0.25861   0.66754   1.35938  
  5 27941.1301  26480.651078  x:  0.01219   0.08432   0.07145   0.18410   0.20661   0.28668   0.31193   0.19924   0.27653   0.25026   0.10002   0.16611   0.14744   0.15588   0.11514   0.20302   0.00115   0.00173   0.00000   0.00037   0.05383   1.66246   0.89556   0.14521   0.25733   0.66737   1.35968  
  6 12936.0531  26425.494676  x:  0.00061   0.08488   0.07064   0.17738   0.21025   0.29652   0.32347   0.20495   0.27381   0.25638   0.10036   0.15798   0.14876   0.15873   0.11275   0.20160   0.00072   0.00285   0.00000   0.00088   0.04745   1.66190   0.89619   0.14471   0.25072   0.66649   1.36122  
  7 28372.1844  26388.717583  x:  0.00230   0.08521   0.06992   0.17124   0.21358   0.30542   0.33388   0.21008   0.27131   0.26197   0.10059   0.15069   0.15002   0.16125   0.11069   0.20039   0.00000   0.00359   0.00000   0.00119   0.04186   1.66137   0.89681   0.14423   0.24436   0.66564   1.36271  
  8 8444.5946  26285.862782  x:  0.00275   0.02097   0.07247   0.13833   0.22831   0.32164   0.34505   0.21333   0.25350   0.28831   0.08072   0.14387   0.16786   0.15210   0.12940   0.21278   0.00037   0.00375   0.00000   0.00129   0.03584   1.65367   0.91028   0.13539   0.13644   0.64978   1.38660  
  9 1405.2986  26211.218817  x:  0.00253   0.03253   0.08187   0.11118   0.23777   0.32842   0.34488   0.20988   0.23604   0.30792   0.05998   0.14245   0.17839   0.14089   0.14613   0.22689   0.00037   0.00328   0.00000   0.00114   0.03619   1.64551   0.92557   0.12585   0.02191   0.63373   1.40958  
 10 3055.3916  26205.325176  x:  0.00253   0.03189   0.06771   0.11545   0.23768   0.32983   0.34327   0.20509   0.23919   0.31333   0.05688   0.14475   0.16654   0.14436   0.13065   0.22711   0.00040   0.00324   0.00000   0.00113   0.03575   1.64066   0.93162   0.12320   0.00728   0.62711   1.41507  
 11 375.3111  26199.764960  x:  0.00252   0.03315   0.06307   0.11209   0.23736   0.33699   0.34238   0.19161   0.23819   0.33031   0.03926   0.14785   0.15256   0.14147   0.12607   0.23063   0.00042   0.00319   0.00000   0.00111   0.03521   1.62395   0.95025   0.11519   0.01500   0.59912   1.43935  
 12 227.6558  26193.284511  x:  0.00253   0.03335   0.06533   0.11358   0.23276   0.34279   0.33884   0.17432   0.23412   0.34374   0.05326   0.14961   0.14540   0.15340   0.12303   0.22406   0.00045   0.00313   0.00000   0.00110   0.03415   1.59655   0.98128   0.10244   0.02026   0.55487   1.47648  
 13 442.1008  26187.751203  x:  0.00254   0.03437   0.05999   0.13060   0.22540   0.34562   0.34554   0.18011   0.23999   0.32917   0.05241   0.14149   0.15621   0.14096   0.11688   0.21177   0.00048   0.00306   0.00000   0.00108   0.03258   1.56606   1.01267   0.09102   0.02178   0.51612   1.50871  
 14 268.2164  26184.565412  x:  0.00256   0.03396   0.05611   0.12238   0.21390   0.34157   0.35335   0.19327   0.24893   0.31071   0.05266   0.14063   0.14785   0.14562   0.12050   0.22026   0.00051   0.00306   0.00000   0.00108   0.03115   1.54482   1.03010   0.08610   0.02253   0.50392   1.52225  
 15 160.4403  26178.991719  x:  0.00267   0.03175   0.07246   0.12109   0.23720   0.33511   0.36109   0.20041   0.24621   0.29247   0.04552   0.14563   0.13800   0.15562   0.11161   0.21985   0.00052   0.00313   0.00000   0.00111   0.02740   1.50422   1.05470   0.08315   0.02376   0.51741   1.52846  
 16 91.0624  26161.294262  x:  0.00296   0.03747   0.05198   0.09256   0.27335   0.32127   0.36655   0.20058   0.25040   0.29036   0.04872   0.15702   0.16225   0.15911   0.10487   0.22021   0.00059   0.00343   0.00000   0.00122   0.01670   1.38736   1.12379   0.07919   0.03540   0.58461   1.53398  
 17 319.1038  26136.300247  x:  0.00342   0.03786   0.05116   0.09642   0.27707   0.32567   0.36850   0.19678   0.26438   0.30845   0.05636   0.13275   0.14884   0.14860   0.12445   0.21109   0.00073   0.00383   0.00000   0.00137   0.00316   1.25876   1.20896   0.07699   0.03828   0.67855   1.52957  
 18 782.7073  26132.720526  x:  0.00348   0.03733   0.05541   0.09750   0.26805   0.33153   0.36933   0.19701   0.26032   0.30986   0.05516   0.13601   0.15192   0.14893   0.11923   0.21354   0.00075   0.00389   0.00000   0.00140   0.00106   1.25042   1.22106   0.07695   0.03880   0.68962   1.52856  
 19 329.9876  26131.822090  x:  0.00352   0.03740   0.05599   0.09875   0.26978   0.33066   0.36282   0.19940   0.26173   0.31091   0.05210   0.12735   0.15613   0.15516   0.11686   0.21932   0.00077   0.00391   0.00000   0.00141   0.00099   1.25609   1.22737   0.07712   0.03995   0.69081   1.52952  
 20 76.8746  26130.687028  x:  0.00355   0.03816   0.05334   0.09578   0.27620   0.33066   0.35714   0.20791   0.26449   0.31197   0.05136   0.12849   0.15397   0.15679   0.11958   0.21286   0.00078   0.00393   0.00000   0.00142   0.00060   1.27476   1.23832   0.07812   0.04104   0.69025   1.53180  
 21 62.8280  26129.534091  x:  0.00363   0.03784   0.05855   0.09005   0.28032   0.32857   0.35667   0.21040   0.27172   0.31456   0.05803   0.12716   0.15176   0.14745   0.11276   0.21517   0.00080   0.00398   0.00000   0.00144   0.00064   1.28546   1.25046   0.08089   0.04219   0.69465   1.53425  
 22 53.3120  26121.524555  x:  0.00398   0.03942   0.05088   0.09331   0.28978   0.32804   0.38455   0.19097   0.26350   0.30498   0.06789   0.12120   0.14731   0.13922   0.11568   0.22721   0.00091   0.00433   0.00000   0.00157   0.00021   1.32371   1.32438   0.10498   0.04751   0.74076   1.54706  
 23 79.5587  26089.744939  x:  0.00577   0.04483   0.05864   0.08169   0.27581   0.33499   0.45027   0.15801   0.28630   0.30366   0.05151   0.11038   0.15877   0.16509   0.10913   0.19308   0.00141   0.00592   0.00000   0.00218   0.00072   1.42160   1.65109   0.21868   0.06520   0.97387   1.59756  
 24 672.7814  26063.721292  x:  0.00718   0.05202   0.04415   0.09898   0.27978   0.37620   0.43563   0.22484   0.23072   0.32479   0.06824   0.11443   0.14719   0.15886   0.10678   0.20748   0.00181   0.00729   0.00000   0.00269   0.00138   1.45656   1.89844   0.32733   0.08920   1.16144   1.64380  
 25 640.6147  26019.751585  x:  0.00947   0.06810   0.03800   0.09395   0.28873   0.43228   0.44884   0.23280   0.21968   0.32953   0.07565   0.10697   0.14079   0.17007   0.09525   0.19470   0.00248   0.00929   0.00000   0.00347   0.00162   1.49813   1.71716   0.88883   0.06627   1.02435   1.62120  
 26 71.8602  26015.051919  x:  0.00971   0.06923   0.03963   0.10231   0.28279   0.39268   0.47246   0.25099   0.20190   0.36097   0.07283   0.10816   0.14195   0.17313   0.09429   0.19467   0.00253   0.00952   0.00000   0.00356   0.00161   1.49790   1.71642   0.94281   0.06375   0.98186   1.56759  
 27 121.4624  26009.673811  x:  0.00995   0.06935   0.03955   0.09196   0.29292   0.41571   0.46689   0.24580   0.19850   0.35999   0.07239   0.10890   0.14461   0.17154   0.09936   0.19942   0.00259   0.00978   0.00000   0.00365   0.00172   1.48326   1.74460   0.98181   0.05918   0.90551   1.42991  
 28 99.8837  25957.970777  x:  0.00963   0.07704   0.05789   0.09551   0.27204   0.44114   0.49925   0.28127   0.20222   0.39091   0.07109   0.10805   0.16056   0.19114   0.08692   0.18600   0.00285   0.00988   0.00000   0.00375   0.00113   1.53610   0.63276  -0.78228   0.06710   0.71365   1.18880  
 29  6.6892  25822.685922  x:  0.00443   0.08071   0.11673   0.03640   0.28171   0.59130   0.53471   0.32928   0.19625   0.49790   0.04625   0.12259   0.22112   0.21919   0.10324   0.20257   0.00275   0.00648   0.00000   0.00268   0.00000   1.53605   1.32370   0.49227   0.07798   1.03274   1.22775  
 30  4.8174  25749.935282  x:  0.00043   0.08535   0.14547   0.00000   0.31446   0.68427   0.58046   0.35644   0.18889   0.56630   0.04125   0.12853   0.25730   0.23045   0.12654   0.22721   0.00264   0.00343   0.00000   0.00171   0.00052   1.60745   1.63887   1.16629   0.08880   1.21058   1.24336  
 31 12.5604  25749.935282  x:  0.00043   0.08535   0.14547   0.00000   0.31446   0.68427   0.58046   0.35644   0.18889   0.56630   0.04125   0.12853   0.25730   0.23045   0.12654   0.22721   0.00264   0.00343   0.00000   0.00171   0.00052   1.60745   1.63887   1.16629   0.08880   1.21058   1.24336  
 32 2753.8115  25742.334088  x:  0.00323   0.08531   0.14515   0.00101   0.31532   0.68460   0.58088   0.35666   0.18982   0.56666   0.04145   0.12914   0.25726   0.23069   0.12685   0.22789   0.00318   0.00434   0.00008   0.00323   0.00508   1.60743   1.63890   1.16628   0.08898   1.21049   1.24333  
 33 5752.7905  25741.783307  x:  0.00325   0.08531   0.14512   0.00115   0.31538   0.68463   0.58092   0.35667   0.18990   0.56669   0.04147   0.12919   0.25726   0.23071   0.12688   0.22794   0.00318   0.00438   0.00000   0.00325   0.00510   1.60743   1.63890   1.16628   0.08899   1.21048   1.24333  
 34 3218.4706  25713.369339  x:  0.00701   0.08501   0.14242   0.01241   0.32159   0.68725   0.58435   0.35836   0.19737   0.56962   0.04298   0.13395   0.25698   0.23263   0.12915   0.23330   0.00290   0.00073   0.00000   0.00116   0.00698   1.60731   1.63897   1.16623   0.09090   1.20970   1.24311  
 35 11231.0960  25711.284494  x:  0.00776   0.08497   0.14210   0.01305   0.32210   0.68752   0.58474   0.35854   0.19818   0.56995   0.04312   0.13443   0.25694   0.23284   0.12934   0.23388   0.00272   0.00098   0.00000   0.00052   0.00689   1.60730   1.63895   1.16624   0.09122   1.20960   1.24308  
 36 6549.7665  25690.604120  x:  0.01634   0.08461   0.13871   0.01625   0.32627   0.69009   0.58874   0.36030   0.20633   0.57329   0.04438   0.13904   0.25657   0.23490   0.13090   0.23967   0.00000   0.00147   0.00000   0.00095   0.00281   1.60723   1.63864   1.16648   0.09507   1.20852   1.24277  
 37 7903.2670  25681.819963  x:  0.02017   0.08446   0.13709   0.01737   0.32810   0.69129   0.59064   0.36112   0.21016   0.57487   0.04495   0.14118   0.25639   0.23586   0.13159   0.24239   0.00092   0.00170   0.00000   0.00113   0.00068   1.60720   1.63848   1.16661   0.09698   1.20799   1.24261  
 38 22006.0916  25571.937153  x:  0.02373   0.08184   0.10692   0.00000   0.34375   0.71061   0.62545   0.37483   0.27579   0.60299   0.05172   0.17340   0.25300   0.25222   0.13790   0.28840   0.00240   0.00201   0.00000   0.00142   0.00249   1.60709   1.63304   1.17085   0.14151   1.19737   1.23943  
 39 3120.4823  25571.937153  x:  0.02373   0.08184   0.10692   0.00000   0.34375   0.71061   0.62545   0.37483   0.27579   0.60299   0.05172   0.17340   0.25300   0.25222   0.13790   0.28840   0.00240   0.00201   0.00000   0.00142   0.00249   1.60709   1.63304   1.17085   0.14151   1.19737   1.23943  
 40 2269.4119  25551.978436  x:  0.01346   0.08250   0.10621   0.00812   0.35032   0.71342   0.62870   0.37621   0.28095   0.60525   0.05234   0.17593   0.25298   0.25360   0.14049   0.29184   0.00097   0.02118   0.00000   0.01465   0.00423   1.60696   1.63309   1.17082   0.14215   1.19665   1.23923  
 41 3240.7386  25516.175169  x:  0.00000   0.08337   0.10517   0.02320   0.35891   0.71723   0.63319   0.37809   0.28803   0.60836   0.05317   0.17937   0.25298   0.25550   0.14388   0.29654   0.00934   0.02684   0.00000   0.01618   0.00103   1.60680   1.63307   1.17085   0.14343   1.19562   1.23894  
 42 4074.2936  25516.175169  x:  0.00000   0.08337   0.10517   0.02320   0.35891   0.71723   0.63319   0.37809   0.28803   0.60836   0.05317   0.17937   0.25298   0.25550   0.14388   0.29654   0.00934   0.02684   0.00000   0.01618   0.00103   1.60680   1.63307   1.17085   0.14343   1.19562   1.23894  
 43 4345.0437  25499.788975  x:  0.02101   0.08397   0.10423   0.03417   0.36397   0.71984   0.63644   0.37940   0.29306   0.61062   0.05370   0.18174   0.25299   0.25686   0.14592   0.29990   0.00343   0.01708   0.00000   0.00645   0.01535   1.60672   1.63291   1.17098   0.14509   1.19479   1.23869  
 44 3554.8614  25480.211808  x:  0.02090   0.08431   0.10356   0.04103   0.36720   0.72159   0.63867   0.38028   0.29646   0.61217   0.05405   0.18333   0.25301   0.25778   0.14723   0.30215   0.00031   0.01091   0.00000   0.00126   0.01373   1.60667   1.63276   1.17109   0.14640   1.19420   1.23852  
 45 3036.8683  25472.996869  x:  0.02110   0.08451   0.10319   0.04484   0.36900   0.72258   0.63992   0.38077   0.29838   0.61303   0.05424   0.18422   0.25302   0.25830   0.14796   0.30341   0.00132   0.00761   0.00000   0.00034   0.01299   1.60664   1.63268   1.17116   0.14713   1.19387   1.23842  
 46 8269.2641  25459.636205  x:  0.02150   0.08486   0.10254   0.05154   0.37216   0.72430   0.64211   0.38165   0.30174   0.61456   0.05458   0.18578   0.25303   0.25921   0.14925   0.30564   0.00167   0.00183   0.00000   0.00067   0.01176   1.60658   1.63254   1.17127   0.14841   1.19330   1.23825  
 47 39428.0760  25357.664941  x:  0.02658   0.08851   0.09546   0.12083   0.40500   0.74266   0.66561   0.39090   0.33757   0.63083   0.05811   0.20234   0.25323   0.26891   0.16264   0.32927   0.00314   0.00613   0.00000   0.00148   0.00045   1.60605   1.63098   1.17253   0.16239   1.18707   1.23642  
 48 4767.3140  25219.730337  x:  0.00000   0.09822   0.07568   0.30553   0.49282   0.79319   0.73068   0.41636   0.43626   0.67582   0.06758   0.24759   0.25393   0.29565   0.19855   0.39415   0.00778   0.01667   0.00000   0.00353   0.02125   1.60464   1.62627   1.17630   0.20305   1.16961   1.23126  
 49 24611.5999  25096.733644  x:  0.00248   0.10229   0.03409   0.29224   0.47868   0.88962   0.87690   0.46136   0.60359   0.76754   0.06199   0.29051   0.27250   0.34272   0.19428   0.48804   0.00853   0.01739   0.00000   0.00375   0.02083   1.60825   1.58855   1.20589   0.44551   1.11393   1.21384  
 50 991.1022  25061.824181  x:  0.00348   0.14174   0.11026   0.25963   0.46502   0.94466   0.95882   0.47970   0.67704   0.81315   0.06200   0.30508   0.29452   0.37049   0.22836   0.52821   0.00821   0.01709   0.00000   0.00370   0.02043   1.61092   1.58020   1.21244   0.46364   1.09861   1.20965  
 51 810.9736  25015.273837  x:  0.00595   0.08531   0.09700   0.18663   0.45227   1.05582   1.12196   0.49982   0.79163   0.89173   0.04743   0.31259   0.33175   0.41369   0.21928   0.58043   0.00759   0.01553   0.00000   0.00335   0.01912   1.61924   1.57336   1.21750   0.36070   1.09045   1.20906  
 52 535.5068  25006.744848  x:  0.00606   0.11977   0.07908   0.17122   0.47279   1.09669   1.18046   0.48744   0.80016   0.90625   0.01688   0.28652   0.31307   0.40375   0.20819   0.57023   0.00734   0.01531   0.00000   0.00330   0.01895   1.62484   1.56145   1.22671   0.34051   1.08466   1.20789  
 53 231.0466  24997.208526  x:  0.00612   0.10726   0.08534   0.15178   0.53003   1.16745   1.28071   0.43557   0.77060   0.91800   0.04505   0.25963   0.28836   0.40165   0.21749   0.51213   0.00746   0.01542   0.00000   0.00333   0.01903   1.63796   1.52386   1.25604   0.33929   1.06734   1.20405  
 54 191.7201  24991.983442  x:  0.00617   0.11170   0.08381   0.14074   0.56135   1.21216   1.34289   0.38017   0.73032   0.91702   0.04017   0.30169   0.31228   0.38729   0.21408   0.49181   0.00748   0.01546   0.00000   0.00334   0.01904   1.64750   1.48604   1.28553   0.33499   1.05318   1.20161  
 55 187.3356  24988.220660  x:  0.00612   0.10970   0.08311   0.14408   0.55667   1.24357   1.37924   0.30588   0.68453   0.91367   0.04567   0.29554   0.30833   0.38883   0.21794   0.54757   0.00754   0.01552   0.00000   0.00336   0.01903   1.65281   1.42189   1.33554   0.32279   1.03416   1.19997  
 56 91.5061  24984.923087  x:  0.00568   0.09683   0.09641   0.17526   0.51111   1.26457   1.38281   0.25223   0.68999   0.93011   0.02588   0.28972   0.30703   0.38671   0.21311   0.52909   0.00778   0.01583   0.00000   0.00343   0.01922   1.64963   1.30258   1.42894   0.29639   0.99071   1.19868  
 57 61.7194  24981.718960  x:  0.00546   0.11317   0.08672   0.19707   0.46854   1.28143   1.38116   0.20767   0.69946   0.94673   0.04285   0.29158   0.30958   0.39779   0.20901   0.50803   0.00782   0.01596   0.00000   0.00346   0.01923   1.64550   1.17318   1.53023   0.25902   0.93951   1.19848  
 58 349.5798  24975.161540  x:  0.00603   0.11369   0.06771   0.18861   0.46994   1.29105   1.36374   0.19569   0.71535   0.95293   0.04124   0.30083   0.30257   0.38323   0.25841   0.50144   0.00784   0.01586   0.00000   0.00345   0.01898   1.63262   0.88569   1.75488   0.17994   0.79596   1.20904  
 59 173.4220  24969.232159  x:  0.00635   0.11378   0.07840   0.18324   0.49338   1.29564   1.35051   0.20234   0.72595   0.95214   0.04750   0.30281   0.30201   0.37880   0.23856   0.50554   0.00791   0.01589   0.00000   0.00347   0.01886   1.61958   0.63360   1.94943   0.11483   0.67850   1.22991  
 60 617.5840  24965.031150  x:  0.00664   0.11615   0.07655   0.17832   0.51093   1.29759   1.35251   0.22617   0.73127   0.94474   0.04599   0.30267   0.30902   0.38644   0.24713   0.50426   0.00803   0.01597   0.00000   0.00350   0.01880   1.60098   0.39312   2.11724   0.07421   0.68678   1.29131  
 61 160.6038  24963.187066  x:  0.00660   0.11703   0.07388   0.18605   0.49553   1.28929   1.37086   0.23595   0.72373   0.94102   0.04375   0.31214   0.29629   0.39317   0.25455   0.50014   0.00807   0.01601   0.00000   0.00351   0.01879   1.61533   0.29292   2.14197   0.05861   0.64659   1.41534  
 62 35.9703  24962.814466  x:  0.00655   0.11765   0.07241   0.18706   0.49676   1.28731   1.37065   0.23217   0.72747   0.94544   0.04749   0.30355   0.30886   0.38268   0.25702   0.50033   0.00809   0.01604   0.00000   0.00352   0.01881   1.61860   0.26857   2.14108   0.05663   0.63813   1.44464  
 63 44.9016  24962.558717  x:  0.00666   0.11734   0.07370   0.18292   0.50130   1.28734   1.36434   0.22315   0.73665   0.95422   0.05267   0.30811   0.30233   0.37023   0.25569   0.50236   0.00806   0.01598   0.00000   0.00351   0.01875   1.62015   0.24719   2.13138   0.05429   0.63797   1.46105  
 64 22.5745  24962.065368  x:  0.00679   0.11742   0.07343   0.17443   0.51760   1.29503   1.34474   0.20709   0.74642   0.96245   0.04460   0.30877   0.30274   0.38799   0.25707   0.50154   0.00802   0.01590   0.00000   0.00349   0.01868   1.62096   0.19579   2.08771   0.05270   0.63254   1.47632  
 65 17.3868  24957.848301  x:  0.00613   0.11719   0.07320   0.17790   0.51612   1.42285   1.27752   0.25452   0.73047   0.95880   0.04778   0.31243   0.30214   0.38489   0.25608   0.51050   0.00801   0.01584   0.00000   0.00350   0.01864   1.62553  -0.27551   1.64737   0.03463   0.59167   1.49150  
 66 37.3546  24952.415767  x:  0.00552   0.11660   0.07528   0.18954   0.52118   1.30949   1.35253   0.27831   0.73468   0.97521   0.04450   0.31277   0.30285   0.39263   0.25291   0.51490   0.00790   0.01559   0.00000   0.00347   0.01846   1.67173  -0.89476   1.07031   0.00499   0.54935   1.43771  
 67 77.7063  24951.164179  x:  0.00526   0.11628   0.07601   0.18933   0.52038   1.30514   1.37243   0.26186   0.77274   0.91223   0.04867   0.31299   0.30174   0.38870   0.25112   0.51566   0.00781   0.01542   0.00000   0.00344   0.01836   1.62251  -0.89990   1.03934   0.00831   0.54735   1.44835  
 68  3.0951  24941.633654  x:  0.00202   0.11530   0.08021   0.20215   0.54043   1.31121   1.39342   0.29890   0.82870   0.88748   0.04638   0.31286   0.30731   0.40085   0.23685   0.54531   0.00731   0.01446   0.00000   0.00329   0.01788   1.76600  -0.80817   0.96945   0.05157   0.60476   1.48799  
 69  5.8406  24938.153531  x:  0.00085   0.11549   0.07884   0.20927   0.54862   1.29840   1.40985   0.32841   0.78503   0.98369   0.04028   0.31529   0.30824   0.40919   0.23365   0.55537   0.00716   0.01417   0.00000   0.00326   0.01775   1.68656  -0.76507   0.94562   0.06745   0.61167   1.51159  
 70 31.1331  24929.865843  x:  0.00229   0.10975   0.08110   0.22337   0.56535   1.30443   1.47731   0.32161   0.84042   0.96401   0.03798   0.31109   0.31864   0.41968   0.21782   0.57961   0.00621   0.01252   0.00000   0.00302   0.01663   1.61370  -0.26259   1.32316   0.07495   0.66250   1.47810  
 71  1.2730  24920.788230  x:  0.00177   0.10802   0.07854   0.28178   0.54095   1.43719   1.60224   0.24911   0.90748   0.97249   0.02771   0.31321   0.32137   0.42704   0.24362   0.59208   0.00366   0.00699   0.00000   0.00235   0.01152   1.68358  -0.03368   1.67225   0.06942   0.68523   1.73041  
 72  0.2264  24918.340018  x:  0.00456   0.11136   0.08005   0.30100   0.53801   1.43710   1.61699   0.25428   0.87992   1.02510   0.02824   0.31808   0.31881   0.42722   0.24789   0.58776   0.00338   0.00571   0.00000   0.00233   0.00927   1.66631  -0.16617   1.52250   0.06998   0.67245   1.79751  
 73  0.2924  24915.363444  x:  0.00333   0.11793   0.08267   0.31772   0.53070   1.40104   1.61374   0.26902   0.90321   0.98750   0.04511   0.32443   0.31932   0.42325   0.22972   0.58066   0.00424   0.00537   0.00000   0.00270   0.00500   1.65303  -0.15075   1.63122   0.05316   0.65037   1.88892  
 74  0.0791  24913.825080  x:  0.00268   0.11795   0.08013   0.31673   0.53195   1.38593   1.58558   0.28748   0.89621   0.99607   0.04590   0.32455   0.32087   0.42355   0.23362   0.57974   0.00515   0.00636   0.00000   0.00308   0.00293   1.64206   0.19970   1.92110   0.07001   0.68461   2.01388  
 75  0.4649  24913.131395  x:  0.00188   0.11491   0.07799   0.30687   0.53464   1.38339   1.55993   0.29003   0.89012   0.98773   0.04108   0.32041   0.32194   0.42303   0.23933   0.58024   0.00574   0.00763   0.00000   0.00333   0.00311   1.64625   0.17112   1.82827   0.07075   0.69057   1.98932  
 76  0.1427  24912.966800  x:  0.00193   0.11337   0.07917   0.30501   0.53819   1.39508   1.56571   0.28429   0.88628   0.99618   0.03576   0.31932   0.32018   0.42491   0.24045   0.58474   0.00565   0.00760   0.00000   0.00340   0.00260   1.65931   0.18865   1.85896   0.07094   0.69486   2.03000  
 77  0.0509  24912.906820  x:  0.00201   0.11309   0.07990   0.30245   0.54038   1.39832   1.57019   0.28161   0.88324   1.00102   0.03398   0.31905   0.31921   0.42557   0.23966   0.58636   0.00555   0.00776   0.00000   0.00344   0.00303   1.66251   0.20689   1.88432   0.07201   0.69735   2.04656  
 78  0.0479  24912.675570  x:  0.00179   0.11479   0.08111   0.29668   0.54568   1.40125   1.59581   0.27460   0.88906   1.00327   0.03554   0.31993   0.31959   0.42587   0.23505   0.58762   0.00497   0.00793   0.00000   0.00377   0.00287   1.65314   0.30919   1.96984   0.07226   0.70743   2.15569  
 79  0.0497  24912.506950  x:  0.00226   0.11484   0.08059   0.29700   0.54506   1.40001   1.59249   0.28479   0.89176   1.00640   0.03756   0.32035   0.32249   0.42687   0.23987   0.58608   0.00465   0.00813   0.00000   0.00411   0.00289   1.65826   0.38778   2.04213   0.07477   0.71119   2.26549  
 80  0.0692  24912.449859  x:  0.00192   0.11414   0.08024   0.29899   0.54501   1.40357   1.58427   0.28807   0.89819   1.00118   0.03698   0.32052   0.32241   0.42739   0.24051   0.58798   0.00462   0.00810   0.00000   0.00431   0.00292   1.66092   0.44754   2.09888   0.07587   0.71613   2.32053  
 81  0.0631  24912.422048  x:  0.00198   0.11428   0.08022   0.30278   0.54450   1.40289   1.58110   0.28789   0.89859   1.00127   0.03649   0.32091   0.32158   0.42725   0.23963   0.58907   0.00467   0.00786   0.00000   0.00440   0.00299   1.65839   0.44526   2.09147   0.07568   0.71632   2.33720  
 82  0.0112  24912.411802  x:  0.00201   0.11465   0.08027   0.30357   0.54457   1.40174   1.58319   0.28702   0.89686   1.00409   0.03680   0.32094   0.32175   0.42713   0.23953   0.58898   0.00474   0.00773   0.00000   0.00450   0.00298   1.65836   0.47687   2.12261   0.07658   0.71923   2.36352  
 83  0.0341  24912.407509  x:  0.00195   0.11464   0.08030   0.30241   0.54472   1.40153   1.58393   0.28673   0.89571   1.00390   0.03698   0.32073   0.32205   0.42712   0.23978   0.58841   0.00486   0.00767   0.00000   0.00453   0.00299   1.65973   0.47162   2.11796   0.07633   0.71858   2.36242  
 84  0.0046  24912.406470  x:  0.00197   0.11453   0.08034   0.30141   0.54522   1.40296   1.58462   0.28677   0.89646   1.00376   0.03685   0.32074   0.32202   0.42730   0.23979   0.58858   0.00486   0.00763   0.00000   0.00455   0.00299   1.65916   0.47288   2.11794   0.07632   0.71882   2.36264  
 85  0.0017  24912.406121  x:  0.00197   0.11457   0.08038   0.30125   0.54523   1.40233   1.58440   0.28729   0.89706   1.00344   0.03680   0.32080   0.32192   0.42732   0.23960   0.58874   0.00488   0.00763   0.00000   0.00456   0.00299   1.65907   0.47080   2.11707   0.07633   0.71843   2.36084  
 86  0.0014  24912.404925  x:  0.00197   0.11460   0.08026   0.30184   0.54469   1.40187   1.58511   0.28677   0.89775   1.00346   0.03676   0.32068   0.32210   0.42707   0.23987   0.58877   0.00488   0.00763   0.00000   0.00461   0.00299   1.65935   0.46290   2.10894   0.07627   0.71807   2.35175  
 87  0.0018  24912.404029  x:  0.00197   0.11454   0.08033   0.30177   0.54483   1.40295   1.58499   0.28655   0.89671   1.00362   0.03686   0.32078   0.32196   0.42717   0.23971   0.58855   0.00486   0.00765   0.00000   0.00466   0.00299   1.65910   0.45382   2.10169   0.07602   0.71732   2.34167  
 88  0.0070  24912.403816  x:  0.00197   0.11451   0.08034   0.30148   0.54497   1.40226   1.58412   0.28680   0.89620   1.00337   0.03678   0.32076   0.32185   0.42730   0.23967   0.58847   0.00484   0.00763   0.00000   0.00466   0.00299   1.65902   0.45580   2.10305   0.07605   0.71726   2.34105  
 89  0.0013  24912.403779  x:  0.00197   0.11451   0.08031   0.30146   0.54486   1.40204   1.58386   0.28675   0.89620   1.00325   0.03679   0.32070   0.32188   0.42715   0.23967   0.58842   0.00484   0.00763   0.00000   0.00466   0.00298   1.65901   0.45460   2.10226   0.07599   0.71721   2.33935  
 90  0.0015  24912.403778  x:  0.00197   0.11451   0.08031   0.30146   0.54483   1.40203   1.58386   0.28675   0.89618   1.00324   0.03680   0.32070   0.32187   0.42714   0.23966   0.58841   0.00484   0.00763   0.00000   0.00466   0.00298   1.65902   0.45478   2.10234   0.07600   0.71724   2.33941  
 91  0.0002  24912.403778  x:  0.00197   0.11451   0.08031   0.30146   0.54483   1.40204   1.58386   0.28675   0.89618   1.00324   0.03680   0.32070   0.32187   0.42714   0.23966   0.58841   0.00484   0.00763   0.00000   0.00466   0.00298   1.65902   0.45477   2.10234   0.07600   0.71724   2.33943  
 92  0.0000  24912.403778  x:  0.00197   0.11451   0.08031   0.30146   0.54483   1.40204   1.58386   0.28675   0.89618   1.00323   0.03680   0.32070   0.32187   0.42714   0.23966   0.58841   0.00484   0.00763   0.00000   0.00466   0.00298   1.65902   0.45477   2.10235   0.07600   0.71724   2.33944  
 93  0.0000  24912.403778  x:  0.00197   0.11451   0.08031   0.30146   0.54483   1.40204   1.58386   0.28675   0.89618   1.00323   0.03680   0.32070   0.32187   0.42714   0.23966   0.58841   0.00484   0.00763   0.00000   0.00466   0.00298   1.65902   0.45477   2.10235   0.07600   0.71724   2.33944  
 94  0.0000  24912.403778  x:  0.00197   0.11451   0.08031   0.30146   0.54483   1.40204   1.58386   0.28675   0.89618   1.00323   0.03680   0.32070   0.32187   0.42714   0.23966   0.58841   0.00484   0.00763   0.00000   0.00466   0.00298   1.65902   0.45477   2.10235   0.07600   0.71724   2.33944  