

Model 0: one-ratio

TREE # 1

  0  0.0000  16915.705771  x:  0.09603   0.06054   0.01634   0.06765   0.05920   0.01462   0.08317   0.10820   0.01324   0.05304   0.06085   0.10167   0.09659   0.03700   0.06176   0.06924   0.01218   0.02499   0.02161   0.10856   0.02758   2.00000   0.40000  
  1 99.0000  13596.567468  x:  0.08139   0.09722   0.08522   0.15339   0.18477   0.43917   0.25272   0.18938   0.53234   0.23725   0.10092   0.13196   0.12989   0.15816   0.10353   0.08213   0.00000   0.01205   0.00520   0.09250   0.01073   1.99608   0.44623  
  2 23105.0899  13546.452811  x:  0.07685   0.10141   0.08642   0.15883   0.19095   0.43825   0.26094   0.19407   0.52761   0.24173   0.10281   0.13776   0.13533   0.16242   0.10756   0.08393   0.01890   0.00968   0.00000   0.08738   0.00652   1.99509   0.45654  
  3 3095.2218  13471.147090  x:  0.06811   0.10819   0.08808   0.16806   0.20131   0.43464   0.27496   0.20216   0.51659   0.24903   0.10594   0.14774   0.14469   0.16946   0.11436   0.08699   0.01676   0.00664   0.00000   0.07792   0.00000   1.99328   0.47467  
  4 4560.3312  13339.600964  x:  0.04903   0.12298   0.09173   0.18823   0.22396   0.42682   0.30560   0.21982   0.49261   0.26497   0.11278   0.16953   0.16513   0.18486   0.12920   0.09367   0.01259   0.00000   0.00000   0.05726   0.00008   1.98934   0.51426  
  5 76930.6476  13053.822655  x:  0.00000   0.16102   0.10111   0.24008   0.28218   0.40681   0.38436   0.26524   0.43110   0.30599   0.13035   0.22554   0.21766   0.22444   0.16738   0.11083   0.00246   0.00015   0.00000   0.00418   0.00027   1.97920   0.61600  
  6 340749.2333  13038.239289  x:  0.00101   0.16383   0.10179   0.24394   0.28652   0.40532   0.39025   0.26864   0.42649   0.30907   0.13165   0.22969   0.22156   0.22740   0.17020   0.11209   0.00167   0.00016   0.00000   0.00026   0.00029   1.97844   0.62358  
  7 24599.0861  13014.310891  x:  0.00278   0.16946   0.10292   0.25213   0.29576   0.40219   0.40328   0.27620   0.41641   0.31606   0.13428   0.23828   0.22960   0.23377   0.17592   0.11454   0.00000   0.00018   0.00000   0.00813   0.00031   1.97669   0.63975  
  8 8178.0032  12965.220920  x:  0.00351   0.08475   0.06846   0.25832   0.30870   0.40838   0.47859   0.32429   0.36955   0.37741   0.12458   0.21031   0.20447   0.25559   0.14402   0.09323   0.00053   0.00019   0.00000   0.01141   0.00032   1.95833   0.66810  
  9 664.9148  12947.568750  x:  0.00340   0.12714   0.06695   0.24723   0.29852   0.41519   0.52865   0.36111   0.33439   0.43416   0.09769   0.16960   0.16875   0.25848   0.12676   0.09227   0.00048   0.00018   0.00000   0.01100   0.00032   1.93433   0.65082  
 10 379.6774  12941.417215  x:  0.00342   0.12031   0.09278   0.23488   0.28368   0.41638   0.54313   0.38008   0.31736   0.47578   0.07512   0.17865   0.18265   0.25341   0.14552   0.09130   0.00050   0.00018   0.00000   0.01113   0.00032   1.90430   0.61675  
 11 191.8006  12938.589017  x:  0.00339   0.12415   0.07436   0.23111   0.28011   0.41544   0.53439   0.38679   0.31468   0.50274   0.07104   0.19336   0.19842   0.25281   0.13563   0.09944   0.00048   0.00018   0.00000   0.01098   0.00032   1.86603   0.60228  
 12 114.5877  12931.053393  x:  0.00338   0.12732   0.06965   0.24871   0.29584   0.41192   0.47522   0.39185   0.30864   0.55938   0.07700   0.18702   0.19110   0.25461   0.15024   0.08385   0.00049   0.00018   0.00000   0.01096   0.00032   1.69993   0.60782  
 13 127.5517  12927.178099  x:  0.00343   0.12158   0.08416   0.24951   0.29359   0.42402   0.46830   0.39210   0.30147   0.55449   0.07407   0.18550   0.18728   0.25353   0.14171   0.11327   0.00055   0.00018   0.00000   0.01128   0.00032   1.59781   0.62003  
 14 171.2388  12922.060246  x:  0.00338   0.12825   0.08373   0.23964   0.28328   0.44313   0.49208   0.39150   0.29474   0.51680   0.07174   0.19563   0.19657   0.25510   0.13583   0.09122   0.00053   0.00017   0.00000   0.01104   0.00031   1.47323   0.62585  
 15 188.5745  12919.285917  x:  0.00335   0.12719   0.06821   0.24475   0.29435   0.42854   0.51955   0.39101   0.30234   0.49599   0.08072   0.18988   0.19466   0.26205   0.15709   0.10059   0.00053   0.00017   0.00000   0.01096   0.00031   1.42611   0.60515  
 16 79.5030  12913.471066  x:  0.00326   0.12849   0.09023   0.25416   0.31429   0.36212   0.56042   0.38792   0.33962   0.49361   0.08389   0.19570   0.19567   0.26105   0.13060   0.09460   0.00050   0.00016   0.00000   0.01063   0.00031   1.39487   0.59861  
 17 50.0066  12893.056711  x:  0.00297   0.13338   0.06385   0.22441   0.29542   0.30040   0.61360   0.38007   0.37919   0.52629   0.04523   0.20738   0.19699   0.23987   0.17403   0.10489   0.00044   0.00012   0.00000   0.00964   0.00031   1.41451   0.68297  
 18 46.3892  12805.933444  x:  0.00207   0.15895   0.07723   0.25938   0.32445   0.30061   0.70287   0.38593   0.29872   0.60729   0.12175   0.23826   0.24555   0.29856   0.19289   0.11380   0.00035   0.00000   0.00000   0.00685   0.00029   1.56277   0.76478  
 19 134.7819  12805.933444  x:  0.00207   0.15895   0.07723   0.25938   0.32445   0.30061   0.70287   0.38593   0.29872   0.60729   0.12175   0.23826   0.24555   0.29856   0.19289   0.11380   0.00035   0.00000   0.00000   0.00685   0.00029   1.56277   0.76478  
 20 209.0897  12782.474013  x:  0.00209   0.15895   0.07723   0.25939   0.32445   0.30061   0.70287   0.38594   0.29872   0.60730   0.12175   0.23827   0.24555   0.29856   0.19289   0.11380   0.00041   0.00830   0.00001   0.00685   0.00036   1.56277   0.76479  
 21 716877.8817  12781.634174  x:  0.00213   0.15896   0.07723   0.25940   0.32446   0.30063   0.70288   0.38594   0.29874   0.60730   0.12175   0.23827   0.24556   0.29857   0.19289   0.11380   0.00057   0.00830   0.00000   0.00684   0.00045   1.56277   0.76479  
 22 5062.7087  12779.617283  x:  0.00382   0.15926   0.07747   0.26004   0.32524   0.30202   0.70362   0.38651   0.29988   0.60781   0.12176   0.23861   0.24585   0.29900   0.19309   0.11383   0.00015   0.00829   0.00000   0.00621   0.00116   1.56280   0.76522  
 23 1277.2585  12771.742689  x:  0.00900   0.16031   0.07831   0.26230   0.32795   0.30686   0.70621   0.38850   0.30390   0.60960   0.12178   0.23981   0.24686   0.30052   0.19377   0.11391   0.00029   0.00829   0.00000   0.00401   0.00013   1.56291   0.76673  
 24 8875.7976  12755.628527  x:  0.00827   0.16282   0.08026   0.26762   0.33435   0.31828   0.71232   0.39319   0.31337   0.61382   0.12183   0.24263   0.24926   0.30411   0.19536   0.11409   0.00029   0.00829   0.00000   0.00029   0.00022   1.56317   0.77029  
 25 3217.0430  12495.567220  x:  0.00000   0.23205   0.13404   0.41468   0.51131   0.63413   0.88174   0.52287   0.57529   0.73061   0.12301   0.32060   0.31551   0.40339   0.23939   0.11898   0.00038   0.00829   0.00000   0.00544   0.00099   1.57037   0.86902  
 26 25897.2892  12495.567220  x:  0.00000   0.23205   0.13404   0.41468   0.51131   0.63413   0.88174   0.52287   0.57529   0.73061   0.12301   0.32060   0.31551   0.40339   0.23939   0.11898   0.00038   0.00829   0.00000   0.00544   0.00099   1.57037   0.86902  
 27 58821.6414  12483.240814  x:  0.00640   0.23205   0.13403   0.41468   0.51131   0.63414   0.88175   0.52287   0.57530   0.73062   0.12300   0.32060   0.31551   0.40339   0.23939   0.11897   0.00137   0.00829   0.00125   0.00543   0.00103   1.57037   0.86902  
 28 77016.3743  12481.291705  x:  0.00628   0.23183   0.13368   0.41467   0.51139   0.63456   0.88211   0.52299   0.57561   0.73084   0.12279   0.32058   0.31546   0.40353   0.23922   0.11883   0.00394   0.00808   0.00000   0.00483   0.00267   1.57045   0.86924  
 29 1140.2887  12479.908276  x:  0.00629   0.23068   0.13179   0.41459   0.51182   0.63678   0.88403   0.52358   0.57727   0.73198   0.12164   0.32049   0.31522   0.40425   0.23834   0.11806   0.00471   0.00679   0.00000   0.00175   0.00164   1.57091   0.87040  
 30 416.5161  12475.964910  x:  0.00677   0.22604   0.12412   0.41430   0.51355   0.64584   0.89184   0.52599   0.58405   0.73666   0.11697   0.32009   0.31424   0.40719   0.23475   0.11500   0.00306   0.00284   0.00000   0.00040   0.00385   1.57277   0.87509  
 31 938.0869  12473.851972  x:  0.00690   0.22310   0.11926   0.41411   0.51465   0.65159   0.89680   0.52752   0.58834   0.73962   0.11400   0.31984   0.31361   0.40906   0.23249   0.11307   0.00330   0.00115   0.00000   0.00096   0.00356   1.57396   0.87808  
 32 6659.0846  12442.645257  x:  0.00935   0.17589   0.04116   0.41107   0.53237   0.74427   0.97671   0.55215   0.65759   0.78743   0.06618   0.31584   0.30358   0.43920   0.19609   0.08211   0.00306   0.00383   0.00000   0.00217   0.00365   1.59305   0.92609  
 33 11901.9869  12412.049112  x:  0.00783   0.17270   0.07695   0.40956   0.55871   0.88037   1.09534   0.58146   0.75432   0.85775   0.00000   0.31388   0.29499   0.48703   0.21749   0.13426   0.00304   0.00460   0.00000   0.00259   0.00367   1.62598   0.98945  
 34 442.4473  12406.225624  x:  0.00518   0.21148   0.08850   0.39727   0.55887   0.92147   1.13399   0.57517   0.77499   0.88023   0.01736   0.32107   0.30608   0.51298   0.23365   0.09765   0.00293   0.00483   0.00000   0.00275   0.00368   1.64741   0.99951  
 35 171.9192  12404.365673  x:  0.00826   0.22558   0.07604   0.37475   0.54938   0.94262   1.15876   0.54402   0.76890   0.88860   0.02914   0.32529   0.31613   0.52470   0.23147   0.11292   0.00296   0.00471   0.00000   0.00263   0.00368   1.67863   0.98959  
 36 67.9477  12401.440180  x:  0.00630   0.20456   0.08627   0.33638   0.53694   0.97725   1.20427   0.46165   0.74059   0.89700   0.02009   0.32270   0.32004   0.52801   0.23520   0.10697   0.00296   0.00479   0.00000   0.00271   0.00367   1.74934   0.96141  
 37 97.7787  12400.615396  x:  0.00615   0.21601   0.08500   0.35199   0.55790   0.98784   1.21998   0.42165   0.72736   0.90107   0.01617   0.31830   0.30940   0.51935   0.22747   0.10605   0.00297   0.00478   0.00000   0.00270   0.00366   1.77457   0.95951  
 38 43.9719  12400.455780  x:  0.00673   0.20994   0.08609   0.35850   0.56440   0.98935   1.22350   0.41077   0.72598   0.90432   0.02431   0.32147   0.31088   0.51721   0.22980   0.10627   0.00297   0.00478   0.00000   0.00269   0.00366   1.77901   0.96461  
 39 23.6189  12400.418717  x:  0.00601   0.21011   0.08424   0.35871   0.56371   0.98827   1.22402   0.40661   0.72657   0.90593   0.02514   0.32287   0.31228   0.51399   0.23103   0.10767   0.00298   0.00479   0.00000   0.00271   0.00365   1.77918   0.96893  
 40  8.5839  12400.385291  x:  0.00648   0.21101   0.08427   0.35789   0.56132   0.98672   1.22482   0.40197   0.72830   0.90817   0.02370   0.32312   0.31278   0.50938   0.23249   0.10666   0.00298   0.00478   0.00000   0.00270   0.00365   1.77873   0.97445  
 41 10.0458  12400.354967  x:  0.00640   0.21082   0.08630   0.35753   0.55829   0.98495   1.22630   0.39841   0.73170   0.91093   0.02607   0.32033   0.31068   0.50856   0.22862   0.10685   0.00299   0.00479   0.00000   0.00270   0.00364   1.77718   0.97649  
 42  3.7856  12400.113652  x:  0.00634   0.20999   0.08441   0.36930   0.55033   0.97483   1.24227   0.38047   0.75464   0.92138   0.02050   0.32236   0.31298   0.51437   0.23047   0.10668   0.00311   0.00479   0.00000   0.00269   0.00354   1.76328   0.96116  
 43  3.2928  12398.832480  x:  0.00600   0.20632   0.07783   0.36081   0.55509   0.98658   1.31761   0.36659   0.75783   0.89399   0.01602   0.32563   0.28895   0.53819   0.24074   0.10796   0.00378   0.00484   0.00000   0.00266   0.00294   1.72923   0.98215  
 44  4.4085  12397.820581  x:  0.00576   0.20476   0.08669   0.35527   0.56783   1.00571   1.36251   0.36765   0.76269   0.88149   0.00747   0.32967   0.31334   0.53675   0.21977   0.10675   0.00429   0.00492   0.00000   0.00265   0.00248   1.71837   0.99411  
 45 30.7521  12396.556746  x:  0.00537   0.20057   0.07943   0.34602   0.58650   1.04283   1.37877   0.38708   0.78460   0.89982   0.01362   0.30163   0.32030   0.51045   0.23140   0.10836   0.00495   0.00498   0.00000   0.00262   0.00190   1.74191   0.99057  
 46 19.8580  12395.686600  x:  0.00512   0.19889   0.08114   0.34139   0.59001   1.07086   1.36048   0.39908   0.80130   0.92755   0.00825   0.32970   0.30082   0.50841   0.22554   0.10819   0.00540   0.00503   0.00000   0.00261   0.00150   1.77610   0.99427  
 47 24.0538  12395.314214  x:  0.00505   0.19813   0.08013   0.34648   0.58748   1.07959   1.34323   0.39655   0.80167   0.93760   0.00000   0.32477   0.30407   0.52695   0.22635   0.10812   0.00554   0.00504   0.00000   0.00261   0.00138   1.78865   1.00506  
 48 17.8553  12395.259606  x:  0.00504   0.19791   0.07976   0.35367   0.57771   1.09686   1.33857   0.39462   0.79031   0.94681   0.00000   0.32472   0.30403   0.52560   0.22647   0.10814   0.00554   0.00505   0.00000   0.00261   0.00139   1.77840   1.00344  
 49  3.2340  12395.215617  x:  0.00507   0.19788   0.07982   0.34371   0.58772   1.10453   1.33151   0.38774   0.79000   0.95385   0.00000   0.32460   0.30402   0.52836   0.22644   0.10823   0.00549   0.00507   0.00000   0.00262   0.00147   1.76811   1.00227  
 50  1.1381  12394.855948  x:  0.00534   0.19714   0.07935   0.35143   0.57956   1.13461   1.32723   0.37689   0.81726   0.93020   0.00000   0.32397   0.30359   0.53165   0.22638   0.10907   0.00487   0.00526   0.00000   0.00276   0.00246   1.78613   1.00952  
 51  0.7051  12394.701124  x:  0.00545   0.19675   0.07884   0.35432   0.57906   1.12026   1.34417   0.38931   0.80264   0.95647   0.00000   0.32281   0.30447   0.53860   0.22637   0.10929   0.00461   0.00534   0.00000   0.00281   0.00286   1.80039   1.01483  
 52  3.9393  12394.626020  x:  0.00571   0.19761   0.07809   0.34553   0.58486   1.13886   1.35909   0.37151   0.80136   0.95924   0.00000   0.31933   0.30589   0.53857   0.22641   0.11069   0.00457   0.00562   0.00000   0.00290   0.00281   1.80510   1.01687  
 53  0.0260  12394.591781  x:  0.00529   0.19686   0.07935   0.34775   0.58299   1.13779   1.36271   0.37017   0.79994   0.95777   0.00000   0.32144   0.30475   0.53938   0.22711   0.11016   0.00459   0.00631   0.00000   0.00309   0.00258   1.80687   1.01603  
 54  0.0016  12394.579392  x:  0.00548   0.19787   0.07828   0.34767   0.58339   1.13491   1.35804   0.37405   0.80090   0.95851   0.00000   0.32047   0.30544   0.53863   0.22665   0.11048   0.00457   0.00660   0.00000   0.00313   0.00251   1.80496   1.01605  
 55  0.0046  12394.577776  x:  0.00542   0.19707   0.07826   0.34701   0.58374   1.13515   1.35684   0.37400   0.80066   0.95885   0.00000   0.32000   0.30556   0.53845   0.22651   0.11038   0.00456   0.00669   0.00000   0.00311   0.00253   1.80477   1.01631  
 56  0.0010  12394.575591  x:  0.00546   0.19752   0.07815   0.34743   0.58336   1.13565   1.35706   0.37354   0.80072   0.95796   0.00000   0.32047   0.30538   0.53900   0.22657   0.11020   0.00457   0.00674   0.00000   0.00298   0.00260   1.80489   1.01634  
 57  0.0004  12394.575173  x:  0.00548   0.19741   0.07831   0.34727   0.58362   1.13522   1.35765   0.37372   0.80078   0.95836   0.00000   0.32029   0.30545   0.53846   0.22657   0.11038   0.00458   0.00672   0.00000   0.00294   0.00260   1.80472   1.01613  
 58  0.0008  12394.575131  x:  0.00547   0.19741   0.07831   0.34729   0.58355   1.13529   1.35746   0.37373   0.80081   0.95853   0.00000   0.32026   0.30549   0.53867   0.22659   0.11040   0.00458   0.00671   0.00000   0.00293   0.00259   1.80482   1.01619  
 59  0.0003  12394.575118  x:  0.00547   0.19742   0.07830   0.34729   0.58356   1.13527   1.35752   0.37378   0.80073   0.95852   0.00000   0.32028   0.30546   0.53859   0.22659   0.11038   0.00457   0.00671   0.00000   0.00293   0.00258   1.80488   1.01621  
 60  0.0001  12394.575117  x:  0.00547   0.19741   0.07830   0.34729   0.58357   1.13529   1.35752   0.37376   0.80076   0.95850   0.00000   0.32028   0.30547   0.53861   0.22658   0.11038   0.00457   0.00671   0.00000   0.00293   0.00259   1.80485   1.01621  
 61  0.0000  12394.575117  x:  0.00547   0.19741   0.07830   0.34729   0.58357   1.13529   1.35751   0.37376   0.80076   0.95851   0.00000   0.32028   0.30547   0.53861   0.22658   0.11038   0.00457   0.00671   0.00000   0.00293   0.00259   1.80485   1.01620  

Model 1: NearlyNeutral

TREE # 1

  0  0.0000  16451.358913  x:  0.04133   0.02287   0.10431   0.07430   0.03942   0.03207   0.07667   0.06969   0.06458   0.01208   0.05966   0.05977   0.09604   0.04521   0.07672   0.05657   0.02288   0.07802   0.05559   0.01826   0.08343   1.80485   0.75584   0.54913  
  1 99.0000  13365.977382  x:  0.02437   0.12069   0.11641   0.15187   0.22148   0.31235   0.27234   0.18542   0.25539   0.47241   0.11169   0.11965   0.13414   0.16401   0.10547   0.08111   0.00391   0.05771   0.03540   0.00000   0.06111   1.80240   0.74900   0.52079  
  2 18420.2386  13295.888033  x:  0.01034   0.12487   0.11745   0.16829   0.23421   0.32591   0.29690   0.20014   0.26874   0.46425   0.11319   0.13769   0.14994   0.17471   0.11582   0.08452   0.00000   0.04037   0.01793   0.10291   0.04289   1.80084   0.74258   0.51257  
  3 3891.2236  13256.544823  x:  0.00000   0.12797   0.11820   0.18100   0.24384   0.33603   0.31583   0.21150   0.27891   0.45687   0.11424   0.15156   0.16215   0.18290   0.12382   0.08711   0.02741   0.02670   0.00395   0.17398   0.02830   1.79960   0.73748   0.50619  
  4 30344.6524  13241.609894  x:  0.00671   0.12818   0.11810   0.18387   0.24537   0.33727   0.31995   0.21398   0.28078   0.45217   0.11414   0.15443   0.16485   0.18452   0.12558   0.08763   0.02805   0.02294   0.00000   0.17566   0.02360   1.79923   0.73586   0.50477  
  5 2165.2671  13183.968622  x:  0.00548   0.12852   0.11742   0.19727   0.25193   0.34217   0.33916   0.22555   0.28929   0.42727   0.11334   0.16745   0.17729   0.19191   0.13370   0.08985   0.02704   0.00501   0.00000   0.17021   0.00000   1.79740   0.72777   0.49809  
  6 3925.2776  13183.968622  x:  0.00548   0.12852   0.11742   0.19727   0.25193   0.34217   0.33916   0.22555   0.28929   0.42727   0.11334   0.16745   0.17729   0.19191   0.13370   0.08985   0.02704   0.00501   0.00000   0.17021   0.00000   1.79740   0.72777   0.49809  
  7 6111.4836  13179.165081  x:  0.00548   0.12852   0.11742   0.19727   0.25193   0.34218   0.33917   0.22556   0.28929   0.42728   0.11334   0.16745   0.17729   0.19191   0.13370   0.08985   0.02704   0.00502   0.00006   0.17021   0.00160   1.79740   0.72777   0.49809  
  8 192559.6031  13178.802202  x:  0.00544   0.12854   0.11742   0.19732   0.25198   0.34225   0.33925   0.22560   0.28935   0.42732   0.11334   0.16748   0.17732   0.19195   0.13372   0.08986   0.02698   0.00504   0.00000   0.17014   0.00160   1.79740   0.72775   0.49807  
  9 1782.1563  13140.192358  x:  0.00586   0.13146   0.11718   0.20358   0.25933   0.35231   0.35127   0.23274   0.29813   0.43318   0.11446   0.17252   0.18169   0.19791   0.13665   0.09106   0.01909   0.00038   0.00000   0.16003   0.00186   1.79664   0.72452   0.49480  
 10 15635.6829  13036.691255  x:  0.02728   0.13895   0.11616   0.22000   0.27868   0.37930   0.38338   0.25164   0.32162   0.44925   0.11703   0.18550   0.19296   0.21370   0.14412   0.09394   0.00000   0.00095   0.00000   0.13078   0.00254   1.79450   0.71533   0.48586  
 11 16003.9500  12748.306225  x:  0.10210   0.17203   0.11152   0.29222   0.36395   0.49853   0.52521   0.33500   0.42541   0.52048   0.12814   0.24256   0.24251   0.28334   0.17696   0.10615   0.02422   0.00309   0.00000   0.00000   0.00526   1.78497   0.67434   0.44678  
 12 14337.5823  12655.022142  x:  0.21651   0.22231   0.10439   0.40212   0.49373   0.68009   0.74117   0.46190   0.58344   0.62899   0.14498   0.32935   0.31788   0.38934   0.22691   0.12466   0.06129   0.00638   0.00000   0.00180   0.00875   1.77047   0.61180   0.38735  
 13 8432.8860  12593.464245  x:  0.22908   0.16294   0.04513   0.39217   0.49859   0.75245   0.82838   0.49085   0.63923   0.69311   0.08966   0.29844   0.28426   0.40078   0.19291   0.06757   0.06476   0.00669   0.00000   0.00189   0.00916   1.76037   0.46584   0.52387  
 14 510.9605  12578.453502  x:  0.23293   0.16363   0.08532   0.37128   0.48518   0.77908   0.86019   0.48865   0.65511   0.72709   0.05076   0.27395   0.26203   0.40015   0.20249   0.12984   0.06587   0.00680   0.00000   0.00192   0.00908   1.75495   0.40093   0.57312  
 15 374.4425  12573.949082  x:  0.23251   0.19658   0.10918   0.33213   0.45840   0.79226   0.87458   0.45903   0.65231   0.76601   0.03588   0.27389   0.27272   0.41074   0.21453   0.10415   0.06559   0.00679   0.00000   0.00192   0.00861   1.74990   0.36971   0.56402  
 16 108.1340  12569.713599  x:  0.23005   0.18649   0.09117   0.28726   0.43555   0.81063   0.89068   0.39942   0.63767   0.82987   0.03381   0.27899   0.28780   0.43086   0.19722   0.11896   0.06511   0.00673   0.00000   0.00190   0.00758   1.74136   0.33053   0.51687  
 17 107.0546  12566.072317  x:  0.22713   0.15686   0.10057   0.28589   0.44974   0.82868   0.89983   0.33217   0.61161   0.89092   0.01745   0.26580   0.27155   0.43203   0.20446   0.10823   0.06454   0.00665   0.00000   0.00187   0.00618   1.73128   0.28163   0.45037  
 18 118.2398  12564.551761  x:  0.22596   0.17544   0.08961   0.29550   0.46121   0.83497   0.89808   0.30634   0.59607   0.91417   0.01722   0.25825   0.25755   0.42247   0.19731   0.10936   0.06431   0.00663   0.00000   0.00186   0.00529   1.72624   0.24382   0.41993  
 19 97.3111  12563.557338  x:  0.22623   0.17183   0.09451   0.30015   0.45866   0.83663   0.88962   0.30906   0.58719   0.92147   0.03315   0.26791   0.26441   0.40717   0.19809   0.10868   0.06446   0.00664   0.00000   0.00185   0.00425   1.72282   0.19883   0.39767  
 20 41.4772  12562.902141  x:  0.22611   0.16965   0.08960   0.29762   0.45008   0.84017   0.88636   0.32674   0.58853   0.92205   0.01949   0.26605   0.26631   0.39709   0.19814   0.10826   0.06454   0.00664   0.00000   0.00183   0.00329   1.72146   0.17910   0.37123  
 21 31.9808  12562.486807  x:  0.22659   0.16868   0.09048   0.29497   0.44491   0.84351   0.88584   0.33925   0.59150   0.92454   0.02562   0.25508   0.25808   0.40620   0.19694   0.10666   0.06476   0.00666   0.00000   0.00182   0.00259   1.72075   0.17225   0.35889  
 22 22.6912  12561.200870  x:  0.23167   0.17036   0.09372   0.30397   0.45534   0.85165   0.88605   0.34438   0.58958   0.93805   0.01283   0.26867   0.26018   0.43394   0.19111   0.10696   0.06636   0.00680   0.00000   0.00179   0.00124   1.71938   0.16927   0.36139  
 23  8.6245  12556.602641  x:  0.25178   0.17239   0.06392   0.31651   0.48109   0.90416   0.91711   0.36229   0.59691   1.01274   0.00556   0.26701   0.27699   0.46294   0.23721   0.11283   0.07315   0.00737   0.00000   0.00161   0.00214   1.71406   0.13672   0.33279  
 24 21.2285  12553.191961  x:  0.26554   0.17249   0.08556   0.32325   0.49631   0.95391   0.96417   0.37469   0.61393   1.06496   0.00520   0.27376   0.27610   0.45034   0.19435   0.10603   0.07788   0.00776   0.00000   0.00148   0.00339   1.71301   0.12427   0.29738  
 25 70.6694  12552.521553  x:  0.26855   0.17210   0.08141   0.31853   0.49196   0.96840   0.99868   0.36111   0.62255   1.05670   0.01440   0.28794   0.25977   0.43145   0.20169   0.10604   0.07887   0.00784   0.00000   0.00146   0.00296   1.71927   0.13097   0.29462  
 26 23.2094  12552.027672  x:  0.27083   0.17224   0.08102   0.32034   0.49257   0.97613   1.03355   0.33796   0.63240   1.02934   0.01954   0.27430   0.27448   0.42303   0.20189   0.10618   0.07962   0.00791   0.00000   0.00144   0.00251   1.72862   0.12916   0.29198  
 27 23.8642  12551.846279  x:  0.27131   0.17205   0.08139   0.31915   0.49211   0.97349   1.04261   0.32776   0.64124   1.01009   0.01701   0.27865   0.27029   0.43212   0.20113   0.10592   0.07981   0.00792   0.00000   0.00144   0.00270   1.73246   0.11861   0.28463  
 28 12.2540  12551.348048  x:  0.27047   0.17222   0.08071   0.31474   0.50099   0.95893   1.02952   0.31026   0.69418   1.00699   0.01872   0.27854   0.27062   0.42620   0.20197   0.10567   0.07970   0.00790   0.00000   0.00143   0.00253   1.71628   0.11801   0.28082  
 29  2.9682  12537.282846  x:  0.24379   0.17156   0.07541   0.32721   0.48202   0.98498   1.06189   0.31933   0.70155   0.87566   0.01012   0.28194   0.27348   0.46362   0.19919   0.09742   0.07529   0.00719   0.00000   0.00133   0.00351   1.42976   0.14601   0.21054  
 30  2.9973  12510.465911  x:  0.20786   0.17227   0.07042   0.30220   0.52662   0.96116   1.06864   0.36467   0.73564   0.81608   0.00000   0.28523   0.27808   0.49789   0.19778   0.08701   0.06932   0.00624   0.00000   0.00120   0.00440   1.55700   0.16703   0.11456  
 31 23.9098  12510.465911  x:  0.20786   0.17227   0.07042   0.30220   0.52662   0.96116   1.06864   0.36467   0.73564   0.81608   0.00000   0.28523   0.27808   0.49789   0.19778   0.08701   0.06932   0.00624   0.00000   0.00120   0.00440   1.55700   0.16703   0.11456  
 32 14.2824  12495.823730  x:  0.19031   0.17371   0.07208   0.30367   0.52789   0.96267   1.07052   0.36593   0.73676   0.81747   0.00147   0.28655   0.27915   0.49812   0.19942   0.09019   0.05184   0.00385   0.00000   0.01052   0.00038   1.55808   0.16197   0.11620  
 33 833.2715  12469.407543  x:  0.15631   0.17650   0.07528   0.30652   0.53036   0.96560   1.07417   0.36836   0.73892   0.82016   0.00428   0.28910   0.28123   0.49858   0.20260   0.09630   0.01800   0.00036   0.00000   0.02653   0.00382   1.56017   0.15222   0.11935  
 34 18332.9394  12453.471705  x:  0.13821   0.17798   0.07698   0.30804   0.53167   0.96716   1.07611   0.36966   0.74008   0.82159   0.00578   0.29045   0.28233   0.49883   0.20429   0.09954   0.00000   0.00141   0.00000   0.03481   0.00532   1.56129   0.14704   0.12102  
 35 75459.8792  12453.471705  x:  0.13821   0.17798   0.07698   0.30804   0.53167   0.96716   1.07611   0.36966   0.74008   0.82159   0.00578   0.29045   0.28233   0.49883   0.20429   0.09954   0.00000   0.00141   0.00000   0.03481   0.00532   1.56129   0.14704   0.12102  
 36 1277.6915  12448.329001  x:  0.13310   0.17841   0.07724   0.30845   0.53203   0.96761   1.07668   0.37003   0.74041   0.82200   0.00605   0.29081   0.28262   0.49889   0.20464   0.09989   0.00045   0.01803   0.00000   0.02945   0.00326   1.56161   0.14618   0.12115  
 37 1803.2992  12438.040748  x:  0.12187   0.17932   0.07778   0.30933   0.53281   0.96860   1.07791   0.37084   0.74115   0.82289   0.00662   0.29157   0.28324   0.49903   0.20540   0.10064   0.00041   0.01780   0.00000   0.01816   0.00025   1.56230   0.14430   0.12144  
 38 900.1481  12422.982644  x:  0.10488   0.18069   0.07859   0.31067   0.53400   0.97009   1.07978   0.37206   0.74226   0.82423   0.00749   0.29273   0.28417   0.49924   0.20654   0.10177   0.00040   0.01765   0.00000   0.00113   0.00050   1.56336   0.14147   0.12187  
 39 20029.3440  12378.494094  x:  0.00000   0.18898   0.08327   0.31891   0.54131   0.97938   1.09139   0.37965   0.74917   0.83256   0.01260   0.29982   0.28988   0.50053   0.21338   0.10828   0.01001   0.01756   0.00000   0.00200   0.00046   1.56993   0.12532   0.12390  
 40 1074.8353  12375.609125  x:  0.00098   0.20096   0.08938   0.33129   0.55226   0.99349   1.10905   0.39113   0.75963   0.84518   0.01984   0.31031   0.29830   0.50244   0.22319   0.11753   0.01813   0.01729   0.00000   0.00185   0.00045   1.57996   0.10283   0.12614  
 41 168.6926  12370.983152  x:  0.00117   0.21335   0.09461   0.34575   0.56512   1.01057   1.13046   0.40489   0.77225   0.86037   0.02734   0.32231   0.30785   0.50466   0.23365   0.12644   0.00626   0.01761   0.00000   0.00351   0.00068   1.59218   0.07987   0.12720  
 42 1012.2630  12362.010686  x:  0.00107   0.21602   0.07317   0.38963   0.60626   1.07772   1.21641   0.45591   0.82074   0.91856   0.03003   0.35299   0.33044   0.51107   0.24508   0.11033   0.00669   0.01758   0.00000   0.00319   0.00063   1.64275   0.10170   0.09562  
 43 204.5411  12358.888831  x:  0.00114   0.19564   0.05832   0.39307   0.61107   1.10903   1.25921   0.47367   0.83861   0.94337   0.00828   0.34557   0.32054   0.50875   0.23540   0.10220   0.00779   0.01759   0.00000   0.00317   0.00063   1.67188   0.08197   0.09271  
 44 150.7231  12357.515168  x:  0.00114   0.19270   0.06539   0.38951   0.60870   1.12035   1.27568   0.47755   0.84324   0.95203   0.00000   0.33865   0.31396   0.50911   0.23429   0.10943   0.00769   0.01759   0.00000   0.00317   0.00063   1.68429   0.08332   0.08934  
 45 133.4471  12356.022916  x:  0.00119   0.20617   0.07255   0.36231   0.58834   1.14380   1.31458   0.47270   0.84384   0.97013   0.01196   0.32240   0.30555   0.52295   0.22801   0.09817   0.00740   0.01759   0.00000   0.00318   0.00063   1.71833   0.08236   0.08675  
 46 73.8284  12355.566268  x:  0.00119   0.20507   0.06439   0.35065   0.58099   1.15159   1.33052   0.46115   0.83708   0.97435   0.01422   0.32551   0.31243   0.52789   0.22607   0.10739   0.00733   0.01759   0.00000   0.00319   0.00063   1.73418   0.08406   0.08901  
 47 46.3500  12355.052125  x:  0.00125   0.19742   0.06968   0.34134   0.57781   1.16075   1.35214   0.43647   0.82161   0.97693   0.00870   0.33423   0.32395   0.53058   0.23369   0.10305   0.00702   0.01760   0.00000   0.00323   0.00064   1.75640   0.08562   0.09505  
 48 51.9773  12354.641794  x:  0.00127   0.20689   0.06692   0.34712   0.58898   1.16841   1.37264   0.40283   0.80195   0.97763   0.00262   0.33350   0.31967   0.52900   0.23096   0.10156   0.00674   0.01759   0.00000   0.00323   0.00064   1.77531   0.08793   0.09885  
 49 32.9747  12354.502172  x:  0.00130   0.20103   0.06809   0.35121   0.59506   1.17131   1.38044   0.38812   0.79558   0.97922   0.01030   0.33113   0.31550   0.52947   0.22936   0.10276   0.00661   0.01759   0.00000   0.00324   0.00065   1.77977   0.08780   0.09760  
 50 26.8812  12354.409265  x:  0.00135   0.20101   0.06641   0.34793   0.59407   1.17487   1.38785   0.37143   0.79986   0.98443   0.01125   0.33009   0.31552   0.52037   0.23267   0.10254   0.00642   0.01758   0.00000   0.00323   0.00065   1.76898   0.08521   0.08753  
 51  5.9293  12354.360567  x:  0.00139   0.20086   0.06904   0.34685   0.59379   1.17801   1.39238   0.36381   0.80442   0.98639   0.01046   0.33185   0.31718   0.51998   0.22629   0.10218   0.00615   0.01758   0.00000   0.00325   0.00066   1.75980   0.08595   0.08916  
 52  6.9440  12354.308270  x:  0.00146   0.20019   0.06737   0.34601   0.59372   1.18212   1.39703   0.35827   0.80945   0.98578   0.00901   0.33051   0.31470   0.52524   0.22955   0.10214   0.00573   0.01757   0.00000   0.00329   0.00067   1.74929   0.08865   0.09592  
 53  6.8239  12354.241907  x:  0.00156   0.19923   0.06731   0.34563   0.59382   1.18588   1.39705   0.36227   0.80692   0.97357   0.00614   0.32907   0.31561   0.53294   0.22851   0.10179   0.00528   0.01753   0.00000   0.00331   0.00068   1.74724   0.08663   0.08760  
 54  2.0183  12354.165303  x:  0.00168   0.19820   0.06721   0.34359   0.59281   1.18538   1.39234   0.37061   0.80572   0.96781   0.00936   0.33104   0.31194   0.52234   0.22770   0.10148   0.00459   0.01748   0.00000   0.00337   0.00071   1.75471   0.08913   0.08991  
 55  2.7663  12354.109036  x:  0.00174   0.19767   0.06715   0.34529   0.59356   1.17987   1.38673   0.37173   0.80785   0.97400   0.00826   0.32301   0.31818   0.52192   0.22750   0.10146   0.00433   0.01742   0.00000   0.00341   0.00073   1.76146   0.08998   0.09091  
 56  2.7830  12353.961943  x:  0.00184   0.19694   0.06747   0.34710   0.59136   1.16493   1.37540   0.37051   0.81188   0.99553   0.00196   0.32929   0.31157   0.53273   0.22714   0.10168   0.00411   0.01722   0.00000   0.00349   0.00079   1.77450   0.08896   0.08596  
 57  5.1398  12353.477838  x:  0.00192   0.19639   0.06866   0.34947   0.58818   1.16758   1.38589   0.37828   0.79915   1.00704   0.00000   0.32757   0.31086   0.53182   0.22714   0.10295   0.00435   0.01680   0.00000   0.00366   0.00091   1.77055   0.08972   0.08577  
 58  1.7734  12352.734088  x:  0.00204   0.19609   0.07347   0.32884   0.61361   1.20144   1.39386   0.35714   0.85716   0.96905   0.00000   0.32611   0.30711   0.52873   0.22723   0.10710   0.00549   0.01559   0.00000   0.00407   0.00124   1.80005   0.09041   0.08505  
 59  6.5326  12352.683958  x:  0.00204   0.19608   0.07347   0.34378   0.59736   1.20355   1.39627   0.35325   0.86315   0.96384   0.00000   0.32615   0.30697   0.52777   0.22744   0.10735   0.00552   0.01548   0.00000   0.00405   0.00126   1.80390   0.09046   0.08520  
 60  1.9184  12351.576630  x:  0.00236   0.19903   0.08034   0.34725   0.60442   1.17868   1.48313   0.37385   0.86056   0.98198   0.00000   0.32663   0.30746   0.53045   0.23085   0.11520   0.00430   0.01234   0.00000   0.00278   0.00161   1.80569   0.08402   0.08346  
 61  0.3886  12351.360624  x:  0.00243   0.19943   0.08140   0.34797   0.60319   1.23332   1.45404   0.37193   0.84404   1.00595   0.00000   0.32655   0.30763   0.53268   0.23182   0.11667   0.00412   0.01167   0.00000   0.00256   0.00169   1.80498   0.08311   0.08374  
 62  4.3308  12350.473172  x:  0.00321   0.19686   0.08126   0.35125   0.59438   1.23141   1.46938   0.38519   0.81351   1.02505   0.00000   0.32297   0.30764   0.52919   0.23014   0.11618   0.00513   0.00774   0.00000   0.00414   0.00204   1.79805   0.08871   0.08627  
 63  0.0666  12350.175422  x:  0.00367   0.19721   0.07725   0.34775   0.59633   1.21286   1.44779   0.38031   0.81064   1.00439   0.00000   0.32522   0.30914   0.51768   0.22933   0.11159   0.00516   0.00655   0.00000   0.00331   0.00226   1.79023   0.08935   0.08890  
 64  0.0274  12350.174744  x:  0.00367   0.19722   0.07721   0.34771   0.59635   1.21265   1.44754   0.38025   0.81061   1.00416   0.00086   0.32524   0.30916   0.51756   0.22932   0.11154   0.00516   0.00653   0.00000   0.00330   0.00226   1.79014   0.08935   0.08893  
 65  1.7179  12350.139793  x:  0.00375   0.19753   0.07702   0.34778   0.59654   1.21193   1.44426   0.37867   0.81377   1.00318   0.00000   0.32549   0.30929   0.52081   0.22947   0.11129   0.00506   0.00665   0.00000   0.00325   0.00228   1.78938   0.08875   0.08802  
 66  0.0148  12350.078269  x:  0.00426   0.19846   0.07702   0.34820   0.59746   1.21215   1.43647   0.37541   0.82211   1.00417   0.00000   0.32618   0.30964   0.53045   0.23010   0.11105   0.00459   0.00660   0.00000   0.00308   0.00240   1.78833   0.08675   0.08540  
 67  0.0142  12350.035291  x:  0.00484   0.19858   0.07678   0.34812   0.59768   1.21131   1.43440   0.37566   0.82258   0.99926   0.00000   0.32609   0.30934   0.52420   0.23010   0.11055   0.00446   0.00713   0.00000   0.00290   0.00249   1.78866   0.08730   0.08678  
 68  0.0035  12350.005258  x:  0.00535   0.19836   0.07772   0.34897   0.59703   1.21347   1.44342   0.37785   0.81951   1.00369   0.00000   0.32584   0.30944   0.52464   0.23008   0.11147   0.00461   0.00671   0.00000   0.00298   0.00261   1.79077   0.08747   0.08690  
 69  0.0074  12350.004348  x:  0.00544   0.19831   0.07762   0.34853   0.59732   1.21365   1.44235   0.37761   0.81850   1.00470   0.00000   0.32598   0.30955   0.52520   0.23004   0.11138   0.00460   0.00675   0.00000   0.00293   0.00263   1.79007   0.08739   0.08678  
 70  0.0019  12350.004290  x:  0.00547   0.19836   0.07761   0.34848   0.59739   1.21366   1.44226   0.37754   0.81871   1.00447   0.00000   0.32600   0.30952   0.52504   0.23007   0.11138   0.00458   0.00673   0.00000   0.00293   0.00262   1.78999   0.08734   0.08678  
 71  0.0003  12350.004202  x:  0.00547   0.19834   0.07759   0.34857   0.59729   1.21349   1.44229   0.37766   0.81880   1.00443   0.00000   0.32597   0.30954   0.52509   0.23006   0.11137   0.00459   0.00674   0.00000   0.00294   0.00260   1.79012   0.08740   0.08682  
 72  0.0001  12350.004187  x:  0.00546   0.19834   0.07761   0.34851   0.59736   1.21366   1.44230   0.37755   0.81868   1.00450   0.00000   0.32599   0.30954   0.52511   0.23006   0.11138   0.00459   0.00674   0.00000   0.00294   0.00259   1.79005   0.08736   0.08679  
 73  0.0002  12350.004187  x:  0.00546   0.19834   0.07761   0.34851   0.59735   1.21364   1.44231   0.37757   0.81869   1.00451   0.00000   0.32599   0.30954   0.52510   0.23006   0.11138   0.00459   0.00674   0.00000   0.00294   0.00259   1.79005   0.08736   0.08679  
 74  0.0000  12350.004187  x:  0.00546   0.19834   0.07761   0.34851   0.59735   1.21364   1.44231   0.37757   0.81869   1.00451   0.00000   0.32599   0.30954   0.52510   0.23006   0.11138   0.00459   0.00674   0.00000   0.00294   0.00259   1.79005   0.08736   0.08679  
 75  0.0000  12350.004187  x:  0.00546   0.19834   0.07761   0.34851   0.59735   1.21364   1.44231   0.37757   0.81869   1.00451   0.00000   0.32599   0.30954   0.52510   0.23006   0.11138   0.00459   0.00674   0.00000   0.00294   0.00259   1.79005   0.08736   0.08679  

Model 2: PositiveSelection

TREE # 1

  0  0.0000  16273.073980  x:  0.09566   0.07306   0.03460   0.10891   0.04343   0.09986   0.02540   0.01440   0.06953   0.04293   0.01714   0.07412   0.07119   0.04303   0.02867   0.04167   0.08102   0.03025   0.03215   0.10341   0.02164   1.79005   1.38376   0.33315   0.26035   1.08143  
  1 99.0000  13407.269305  x:  0.07555   0.09363   0.06713   0.15487   0.16227   0.21587   0.41685   0.30264   0.20205   0.23249   0.09748   0.11397   0.11279   0.14072   0.10043   0.06033   0.05947   0.01139   0.01015   0.08181   0.00000   1.78782   1.38724   0.33078   0.22631   1.09068  
  2 19321.8735  13352.051788  x:  0.06460   0.09888   0.06948   0.16394   0.17351   0.22765   0.42007   0.30334   0.21427   0.24192   0.09885   0.12305   0.12185   0.14846   0.10491   0.06412   0.04811   0.00530   0.00000   0.07055   0.06279   1.78711   1.38724   0.33066   0.21892   1.09313  
  3 4760.9491  13247.452745  x:  0.04110   0.10815   0.07195   0.18002   0.18983   0.24649   0.40499   0.28836   0.23249   0.25123   0.09670   0.13879   0.13736   0.15899   0.10975   0.07002   0.02337   0.00000   0.00000   0.04519   0.06034   1.78564   1.38670   0.33074   0.20583   1.09789  
  4 2293.3184  13247.452745  x:  0.04110   0.10815   0.07195   0.18002   0.18983   0.24649   0.40499   0.28836   0.23249   0.25123   0.09670   0.13879   0.13736   0.15899   0.10975   0.07002   0.02337   0.00000   0.00000   0.04519   0.06034   1.78564   1.38670   0.33074   0.20583   1.09789  
  5 295119.3955  13232.818980  x:  0.04109   0.10815   0.07195   0.18003   0.18984   0.24651   0.40500   0.28836   0.23251   0.25124   0.09670   0.13880   0.13737   0.15900   0.10976   0.07002   0.02336   0.00440   0.00004   0.04518   0.06033   1.78564   1.38670   0.33074   0.20582   1.09789  
  6 246424.6893  13232.543614  x:  0.04106   0.10816   0.07195   0.18005   0.18987   0.24654   0.40502   0.28838   0.23254   0.25127   0.09671   0.13882   0.13739   0.15902   0.10977   0.07003   0.02333   0.00440   0.00000   0.04514   0.06029   1.78564   1.38670   0.33074   0.20580   1.09789  
  7 2328.0215  13144.850054  x:  0.01585   0.10182   0.06005   0.17573   0.18365   0.25598   0.41984   0.29287   0.23371   0.25621   0.08618   0.12976   0.12692   0.15557   0.10041   0.05891   0.00674   0.00458   0.00000   0.00000   0.01204   1.78352   1.38478   0.33140   0.18857   1.10478  
  8 1775.8275  13134.924133  x:  0.01080   0.10058   0.05770   0.17491   0.18248   0.25792   0.42283   0.29378   0.23401   0.25725   0.08411   0.12800   0.12489   0.15493   0.09858   0.05672   0.00339   0.00460   0.00000   0.00002   0.00241   1.78309   1.38440   0.33153   0.18512   1.10616  
  9 3388.7723  13124.741006  x:  0.00162   0.09923   0.05339   0.17338   0.17973   0.26434   0.43308   0.29669   0.23514   0.26115   0.07757   0.12452   0.12079   0.15383   0.09555   0.05405   0.01179   0.00463   0.00000   0.00002   0.00100   1.78134   1.38390   0.33142   0.16640   1.11232  
 10 773.5100  13102.003462  x:  0.00000   0.09319   0.03735   0.16804   0.17061   0.28549   0.46645   0.30630   0.23912   0.27393   0.05637   0.11230   0.10643   0.15004   0.08418   0.04300   0.01174   0.00469   0.00000   0.00003   0.00654   1.77580   1.38166   0.33145   0.11006   1.13143  
 11 2602.7125  13092.558977  x:  0.00243   0.08954   0.02727   0.16477   0.16491   0.29955   0.48850   0.31267   0.24195   0.28254   0.04257   0.10462   0.09739   0.14778   0.07710   0.03622   0.01400   0.00473   0.00000   0.00004   0.00738   1.77213   1.38024   0.33143   0.07248   1.14412  
 12 55267.7218  13077.235487  x:  0.00241   0.08747   0.03517   0.15780   0.15311   0.30522   0.50824   0.31474   0.23447   0.28463   0.02891   0.09973   0.09326   0.14292   0.07870   0.04681   0.00636   0.00477   0.00000   0.00002   0.00563   1.76709   1.37886   0.33096   0.02121   1.16132  
 13 1239.8116  13074.978148  x:  0.00237   0.08539   0.03417   0.15572   0.15072   0.30272   0.51411   0.31222   0.22821   0.28386   0.03209   0.10452   0.10038   0.14470   0.07991   0.03957   0.00529   0.00477   0.00000   0.00002   0.00531   1.76403   1.37725   0.33106   0.01196   1.17118  
 14 271.4933  13068.032249  x:  0.00242   0.08244   0.02577   0.15083   0.14881   0.29453   0.56208   0.29713   0.19873   0.28845   0.03425   0.11080   0.11118   0.15284   0.07979   0.05075   0.00697   0.00477   0.00000   0.00003   0.00581   1.74093   1.36120   0.33394   0.02020   1.24588  
 15 218.3406  13062.431816  x:  0.00258   0.08495   0.04034   0.15151   0.15274   0.28434   0.60002   0.28343   0.18060   0.29350   0.03436   0.10809   0.10843   0.15503   0.08588   0.04214   0.00876   0.00476   0.00000   0.00003   0.00661   1.71922   1.34632   0.33603   0.02900   1.31768  
 16 823.0983  13053.165116  x:  0.00241   0.10199   0.03434   0.16003   0.16783   0.24035   0.62146   0.25702   0.19327   0.29645   0.04990   0.10670   0.10032   0.14129   0.07900   0.04263   0.00687   0.00473   0.00000   0.00003   0.00596   1.67822   1.32111   0.33493   0.02368   1.46480  
 17 394.5525  13045.287602  x:  0.00251   0.07792   0.03631   0.15707   0.16657   0.21886   0.62242   0.24827   0.22359   0.29175   0.04312   0.11107   0.10664   0.13269   0.08504   0.04391   0.00777   0.00470   0.00000   0.00003   0.00618   1.64306   1.29884   0.33163   0.02856   1.60256  
 18 574.9991  13036.597995  x:  0.00246   0.09554   0.03726   0.14471   0.15120   0.22992   0.59724   0.25961   0.24225   0.26261   0.03383   0.11000   0.11399   0.15297   0.08437   0.04034   0.00634   0.00465   0.00000   0.00003   0.00587   1.60427   1.27469   0.32256   0.03633   1.77964  
 19 477.3846  13031.261519  x:  0.00246   0.08400   0.03674   0.15592   0.16417   0.25171   0.56800   0.27208   0.22919   0.24296   0.04197   0.10794   0.10656   0.15987   0.08082   0.04202   0.00525   0.00460   0.00000   0.00003   0.00552   1.58496   1.26199   0.31393   0.03465   1.89296  
 20 463.9072  13028.725326  x:  0.00242   0.08810   0.03273   0.15762   0.16387   0.26890   0.54525   0.27710   0.21409   0.25830   0.04010   0.11344   0.10857   0.14092   0.08742   0.04075   0.00452   0.00457   0.00000   0.00003   0.00531   1.58381   1.25783   0.30742   0.03765   1.94887  
 21 196.9724  13027.290801  x:  0.00246   0.08572   0.03655   0.15493   0.15743   0.27669   0.52841   0.27608   0.20646   0.28083   0.04701   0.10982   0.10974   0.14144   0.08151   0.04165   0.00472   0.00453   0.00000   0.00003   0.00539   1.58929   1.25670   0.30223   0.03846   1.98142  
 22 181.0891  13026.505285  x:  0.00240   0.08489   0.03323   0.15754   0.15877   0.27492   0.51771   0.26887   0.20078   0.29195   0.03859   0.10811   0.10845   0.15113   0.08548   0.04108   0.00427   0.00450   0.00000   0.00003   0.00517   1.60164   1.25824   0.29746   0.03713   1.99818  
 23 79.3259  13025.941410  x:  0.00238   0.08525   0.03572   0.15909   0.16106   0.27593   0.51516   0.26329   0.19975   0.29284   0.03249   0.11237   0.10987   0.15200   0.07878   0.04071   0.00452   0.00446   0.00000   0.00003   0.00521   1.61887   1.26096   0.29261   0.03724   2.00861  
 24 60.9426  13022.500596  x:  0.00235   0.08598   0.03459   0.15386   0.16305   0.29026   0.51688   0.23396   0.20780   0.28270   0.04020   0.11388   0.10786   0.14978   0.08540   0.04205   0.00735   0.00414   0.00000   0.00004   0.00589   1.74906   1.28292   0.25750   0.03845   2.07095  
 25 134.9439  13021.578230  x:  0.00235   0.08649   0.03452   0.15899   0.16403   0.28402   0.52213   0.24362   0.20706   0.28166   0.03949   0.10371   0.11776   0.14740   0.08468   0.04188   0.00690   0.00404   0.00000   0.00004   0.00579   1.77941   1.28814   0.24811   0.04019   2.08495  
 26 69.6837  13019.241045  x:  0.00240   0.08592   0.03521   0.16511   0.15757   0.25989   0.53977   0.28275   0.20459   0.28486   0.04235   0.11262   0.11150   0.14955   0.08459   0.04133   0.00461   0.00375   0.00000   0.00003   0.00532   1.85030   1.29897   0.22479   0.04627   2.11742  
 27 138.5946  13017.261674  x:  0.00246   0.08537   0.03626   0.14178   0.17545   0.26040   0.54603   0.28255   0.20529   0.28616   0.04223   0.11147   0.11193   0.14953   0.08325   0.04097   0.00222   0.00348   0.00000   0.00003   0.00480   1.86983   1.28573   0.21778   0.04726   2.12219  
 28 22.1700  13001.859639  x:  0.00259   0.08753   0.03770   0.16288   0.16509   0.27530   0.55631   0.27268   0.21548   0.28754   0.04602   0.11441   0.11491   0.15151   0.08482   0.04206   0.00019   0.00185   0.00000   0.00002   0.00448   1.90384   1.15612   0.20684   0.04676   2.08777  
 29 43.1848  12987.789198  x:  0.00270   0.09072   0.03930   0.16893   0.16867   0.27981   0.56061   0.28229   0.22225   0.29226   0.04825   0.11774   0.11832   0.15522   0.08760   0.04393   0.00069   0.00027   0.00000   0.00002   0.00472   1.93435   1.02582   0.19848   0.04401   2.04900  
 30 1707.4159  12724.991522  x:  0.00509   0.16362   0.07873   0.29669   0.27667   0.39816   0.71396   0.47445   0.40203   0.42321   0.09473   0.20397   0.20646   0.25221   0.15393   0.08742   0.00590   0.00751   0.00000   0.00003   0.00874   2.38062  -1.49040  -0.40068   0.03015   1.00000  
 31 81.6185  12724.991522  x:  0.00509   0.16362   0.07873   0.29669   0.27667   0.39816   0.71396   0.47445   0.40203   0.42321   0.09473   0.20397   0.20646   0.25221   0.15393   0.08742   0.00590   0.00751   0.00000   0.00003   0.00874   2.38062  -1.49040  -0.40068   0.03015   1.00000  
 32 66.9826  12721.457657  x:  0.00510   0.16363   0.07873   0.29670   0.27669   0.39818   0.71398   0.47446   0.40205   0.42324   0.09474   0.20399   0.20647   0.25223   0.15394   0.08743   0.00589   0.00750   0.00000   0.00247   0.00871   2.38062  -1.49040  -0.40068   0.03014   1.00000  
 33 35378.1637  12704.733267  x:  0.00628   0.16568   0.08088   0.30112   0.28382   0.40566   0.71923   0.47715   0.40894   0.42991   0.09651   0.20846   0.21076   0.25741   0.15736   0.08964   0.00313   0.00495   0.00000   0.00247   0.00051   2.37878  -1.48962  -0.40099   0.02837   1.00097  
 34 974.5058  12679.906930  x:  0.00749   0.16963   0.08499   0.30967   0.29764   0.42021   0.72948   0.48238   0.42235   0.44288   0.09991   0.21711   0.21905   0.26745   0.16394   0.09385   0.00000   0.00262   0.00000   0.00246   0.00203   2.37520  -1.48810  -0.40160   0.02493   1.00287  
 35 4552.5299  12654.673860  x:  0.00890   0.17392   0.08945   0.31897   0.31265   0.43603   0.74063   0.48808   0.43691   0.45699   0.10361   0.22651   0.22805   0.27836   0.17109   0.09841   0.00047   0.00024   0.00000   0.00246   0.00317   2.37130  -1.48644  -0.40227   0.02119   1.00494  
 36 91524.6596  12535.694205  x:  0.01689   0.19824   0.11470   0.37169   0.39783   0.52577   0.80387   0.52037   0.51957   0.53702   0.12452   0.27982   0.27909   0.34027   0.21163   0.12425   0.00209   0.00337   0.00000   0.00244   0.00723   2.34916  -1.47706  -0.40603   0.00000   1.01666  
 37 157359.6885  12526.530738  x:  0.00285   0.19727   0.11165   0.37428   0.40308   0.53461   0.81112   0.52328   0.52685   0.54443   0.12299   0.28143   0.28033   0.34407   0.21116   0.12150   0.00241   0.00338   0.00000   0.00247   0.00649   2.34603  -1.47685  -0.40612   0.00190   1.01847  
 38 868.5929  12486.442634  x:  0.00638   0.16505   0.04453   0.37898   0.42796   0.61538   0.88499   0.54776   0.58686   0.60864   0.08255   0.26976   0.26410   0.36214   0.17533   0.06070   0.00238   0.00340   0.00000   0.00246   0.00669   2.31010  -1.48008  -0.40502   0.04800   1.03993  
 39 692.0132  12467.867828  x:  0.00695   0.15652   0.05096   0.36065   0.41570   0.67704   0.95431   0.56100   0.62025   0.65305   0.02161   0.23514   0.22606   0.35776   0.16164   0.11127   0.00243   0.00348   0.00000   0.00246   0.00686   2.26563  -1.48682  -0.40274   0.10498   1.06799  
 40 386.1967  12459.466511  x:  0.00739   0.16921   0.09583   0.33265   0.38349   0.70884   1.00490   0.55998   0.62412   0.67507   0.01580   0.22427   0.21874   0.35787   0.18068   0.08594   0.00243   0.00353   0.00000   0.00246   0.00694   2.21863  -1.49438  -0.40044   0.15229   1.10006  
 41 247.2508  12451.486916  x:  0.00752   0.18671   0.08724   0.29824   0.33952   0.73255   1.06556   0.54561   0.60697   0.69037   0.05617   0.24018   0.24259   0.36502   0.17660   0.09964   0.00247   0.00361   0.00000   0.00246   0.00709   2.14200  -1.50649  -0.39717   0.21392   1.15481  
 42 226.9894  12441.610503  x:  0.00760   0.17211   0.08227   0.33816   0.36677   0.72770   1.14093   0.49216   0.53505   0.67434   0.04401   0.27277   0.27283   0.34638   0.20559   0.10498   0.00259   0.00376   0.00000   0.00246   0.00735   1.98249  -1.53001  -0.39196   0.30108   1.27240  
 43 150.9456  12438.884371  x:  0.00763   0.19386   0.08522   0.35711   0.38779   0.71191   1.14795   0.47246   0.52917   0.67384   0.05899   0.25458   0.25287   0.36185   0.19300   0.10331   0.00258   0.00378   0.00000   0.00246   0.00738   1.92011  -1.53839  -0.38996   0.31683   1.32034  
 44 108.3400  12437.086306  x:  0.00767   0.17271   0.09298   0.34773   0.38709   0.68484   1.12641   0.46165   0.56135   0.68111   0.05617   0.25493   0.25316   0.37819   0.18771   0.10473   0.00259   0.00377   0.00000   0.00246   0.00736   1.85953  -1.54619  -0.38657   0.30839   1.37054  
 45 55.9078  12436.381034  x:  0.00761   0.18640   0.08611   0.34020   0.38511   0.67677   1.11318   0.46164   0.57789   0.68133   0.04321   0.25904   0.25668   0.37539   0.19132   0.10305   0.00257   0.00375   0.00000   0.00246   0.00733   1.83298  -1.55005  -0.38352   0.30016   1.39306  
 46 64.2096  12435.817356  x:  0.00759   0.18305   0.08160   0.33596   0.38724   0.69636   1.09853   0.48102   0.58384   0.66883   0.05382   0.25289   0.25094   0.35746   0.19956   0.10349   0.00255   0.00372   0.00000   0.00246   0.00729   1.81101  -1.55694  -0.37191   0.28387   1.41259  
 47 17.6361  12435.407672  x:  0.00760   0.18368   0.08890   0.33603   0.38650   0.71342   1.08992   0.49356   0.58041   0.65869   0.05107   0.25650   0.25423   0.35494   0.18431   0.10190   0.00253   0.00370   0.00000   0.00246   0.00724   1.80014  -1.56378  -0.35807   0.27184   1.42326  
 48 24.3150  12434.211001  x:  0.00751   0.18189   0.08170   0.33902   0.37223   0.74658   1.07499   0.50599   0.55969   0.65108   0.03650   0.25340   0.25122   0.39411   0.19313   0.10177   0.00251   0.00365   0.00000   0.00246   0.00716   1.78990  -1.59012  -0.29944   0.24573   1.43914  
 49 19.9906  12421.027874  x:  0.00693   0.18618   0.07347   0.47133   0.29632   0.99043   0.93044   0.44061   0.47059   1.03035   0.01456   0.24832   0.27387   0.38070   0.19463   0.10031   0.00220   0.00323   0.00000   0.00246   0.00637   1.80513  -2.15618   0.97354   0.00000   1.57477  
 50 41.6033  12403.726822  x:  0.00693   0.20172   0.08442   0.44015   0.41578   1.04770   0.86328   0.53602   0.56090   1.04177   0.01760   0.33446   0.25558   0.44953   0.21852   0.11182   0.00231   0.00343   0.00000   0.00246   0.00665   1.90229  -2.53934   1.83642   0.00000   1.66462  
 51 141.7530  12400.242880  x:  0.00690   0.20422   0.08530   0.44006   0.43821   1.05130   0.87746   0.55180   0.59169   1.02553   0.01360   0.28117   0.31737   0.46234   0.22142   0.11365   0.00231   0.00344   0.00000   0.00246   0.00664   1.92417  -2.61034   2.00812   0.00000   1.68401  
 52 130.6707  12394.592148  x:  0.00641   0.20110   0.07681   0.48610   0.39750   1.07397   1.07323   0.49645   0.67920   0.99991   0.00957   0.28867   0.29810   0.45532   0.21566   0.10815   0.00202   0.00302   0.00000   0.00246   0.00585   1.96324  -2.78247   2.51954   0.00000   1.74733  
 53 48.4622  12392.449018  x:  0.00617   0.19775   0.07547   0.39775   0.46459   1.11597   1.11470   0.42446   0.66427   1.01933   0.00236   0.28357   0.29591   0.45571   0.21133   0.10581   0.00191   0.00287   0.00000   0.00246   0.00555   1.95200  -2.79690   2.63140   0.00000   1.73593  
 54 21.7869  12377.959249  x:  0.00526   0.19608   0.07423   0.39543   0.48028   1.06836   1.09660   0.46815   0.72540   0.92541   0.00917   0.30346   0.30009   0.48276   0.21878   0.10679   0.00193   0.00296   0.00000   0.00246   0.00520   1.44056  -1.77134   1.09328   0.00000   1.00000  
 55 17.4280  12374.915598  x:  0.00513   0.19629   0.07493   0.40326   0.47686   1.07126   1.07620   0.47016   0.72546   0.92087   0.01141   0.30657   0.30072   0.48445   0.22044   0.10747   0.00196   0.00301   0.00000   0.00246   0.00519   1.46391  -1.53869   0.70357   0.00000   1.01209  
 56 56.0140  12371.749416  x:  0.00497   0.19654   0.07576   0.41221   0.47326   1.07320   1.05261   0.47569   0.72367   0.91788   0.01389   0.31033   0.30148   0.48659   0.22241   0.10827   0.00199   0.00307   0.00000   0.00246   0.00517   1.49280  -1.26103   0.23032   0.07200   1.02793  
 57 681.2663  12370.120695  x:  0.00492   0.19595   0.07486   0.39637   0.48971   1.02031   1.08209   0.58049   0.66088   0.99839   0.00673   0.31051   0.30165   0.48975   0.22137   0.10763   0.00195   0.00302   0.00000   0.00246   0.00502   1.51451  -1.29306   0.08988   0.07889   1.07010  
 58 11.7738  12356.925243  x:  0.00520   0.20172   0.07962   0.41971   0.50878   1.08636   1.11266   0.56815   0.66368   1.07201   0.00806   0.33033   0.31103   0.51094   0.23211   0.11252   0.00203   0.00316   0.00000   0.00246   0.00496   1.74470  -2.12945  -1.05913   0.10265   1.28119  
 59 15.9110  12347.389580  x:  0.00727   0.19551   0.07758   0.36370   0.57033   1.16670   1.29615   0.40814   0.78723   0.97967   0.00192   0.32608   0.30825   0.52855   0.23055   0.11029   0.00192   0.00306   0.00000   0.00245   0.00375   1.80507  -1.33633  -0.28025   0.11431   1.46380  
 60  1.1736  12345.143851  x:  0.00756   0.19631   0.07762   0.35219   0.58941   1.18695   1.35104   0.38558   0.81531   0.97529   0.00000   0.32827   0.31007   0.53564   0.23164   0.11046   0.00192   0.00306   0.00000   0.00245   0.00353   1.80607  -1.49958  -0.27420   0.10775   1.38753  
 61  1.1918  12342.275729  x:  0.00619   0.20202   0.07860   0.34951   0.63117   1.24223   1.52323   0.39220   0.85404   1.02122   0.00000   0.32579   0.31435   0.53860   0.23271   0.11148   0.00235   0.00348   0.00000   0.00244   0.00301   1.87436  -1.62981  -0.06196   0.11756   1.48294  
 62  0.1863  12340.662175  x:  0.00587   0.20236   0.07932   0.35215   0.63237   1.25743   1.56459   0.39019   0.86374   1.01337   0.00000   0.32085   0.31271   0.52867   0.23171   0.11204   0.00271   0.00387   0.00000   0.00244   0.00316   1.88683  -1.26625   0.79796   0.11124   1.63491  
 63  0.9590  12340.657613  x:  0.00586   0.20237   0.07933   0.35217   0.63237   1.25754   1.56487   0.39019   0.86379   1.01332   0.00223   0.32082   0.31270   0.52859   0.23170   0.11205   0.00271   0.00388   0.00000   0.00244   0.00316   1.88692  -1.26349   0.80438   0.11119   1.63611  
 64 12.0763  12338.535963  x:  0.00680   0.20203   0.08122   0.37725   0.59803   1.26681   1.49961   0.41828   0.81413   1.04335   0.00351   0.32593   0.31228   0.51380   0.23483   0.11491   0.00336   0.00466   0.00000   0.00244   0.00389   1.89731  -0.81421   1.48265   0.10761   1.98745  
 65  0.4873  12337.889612  x:  0.00672   0.20195   0.08091   0.37968   0.59245   1.26724   1.47114   0.42133   0.80445   1.05343   0.00431   0.32866   0.31380   0.51811   0.23578   0.11486   0.00344   0.00476   0.00000   0.00245   0.00386   1.88970  -0.84554   1.27537   0.10822   2.02024  
 66  0.3682  12336.719238  x:  0.00540   0.20357   0.07892   0.37548   0.60768   1.30319   1.50354   0.41163   0.82930   1.07764   0.00000   0.33105   0.32056   0.53947   0.23742   0.11346   0.00389   0.00530   0.00000   0.00245   0.00298   1.88283  -0.70617   1.54846   0.09018   2.23836  
 67  0.2135  12336.226652  x:  0.00578   0.20490   0.07894   0.37534   0.61646   1.32481   1.52884   0.40952   0.85343   1.08959   0.00000   0.33191   0.32337   0.55196   0.23811   0.11328   0.00444   0.00599   0.00000   0.00246   0.00245   1.86917  -0.57008   1.82781   0.06545   2.49408  
 68  0.3476  12336.003165  x:  0.00581   0.20502   0.08013   0.37699   0.61693   1.31768   1.53669   0.41246   0.86474   1.07708   0.00000   0.33046   0.32092   0.54573   0.23761   0.11393   0.00473   0.00634   0.00000   0.00247   0.00277   1.86527  -0.58991   1.78141   0.06093   2.59110  
 69  0.0697  12335.927554  x:  0.00565   0.20501   0.08069   0.37925   0.61667   1.31373   1.54445   0.41899   0.86996   1.07100   0.00000   0.33000   0.32006   0.54155   0.23774   0.11454   0.00497   0.00663   0.00000   0.00249   0.00292   1.86271  -0.52697   1.90637   0.05953   2.69375  
 70  0.1367  12335.899374  x:  0.00564   0.20488   0.08032   0.37726   0.61911   1.30945   1.54753   0.42337   0.87187   1.06959   0.00000   0.33062   0.32123   0.54419   0.23802   0.11457   0.00507   0.00678   0.00000   0.00250   0.00273   1.85667  -0.49893   1.92507   0.06422   2.75188  
 71  0.0291  12335.894060  x:  0.00556   0.20515   0.08018   0.37793   0.61923   1.31132   1.54602   0.42213   0.87344   1.07091   0.00000   0.33111   0.32187   0.54648   0.23815   0.11438   0.00511   0.00684   0.00000   0.00252   0.00267   1.85460  -0.46877   1.96157   0.06350   2.78397  
 72  0.0384  12335.889643  x:  0.00558   0.20540   0.08034   0.37930   0.61854   1.31216   1.54282   0.41943   0.87376   1.07200   0.00000   0.33114   0.32173   0.54651   0.23808   0.11424   0.00510   0.00686   0.00000   0.00255   0.00272   1.85652  -0.43877   1.97998   0.06491   2.80930  
 73  0.0127  12335.884290  x:  0.00562   0.20499   0.08043   0.37801   0.62043   1.31107   1.54793   0.42171   0.87457   1.07497   0.00000   0.33045   0.32141   0.54538   0.23798   0.11440   0.00506   0.00687   0.00000   0.00260   0.00271   1.85715  -0.40604   2.01268   0.06523   2.84853  
 74  0.0142  12335.874249  x:  0.00549   0.20518   0.08028   0.37753   0.62096   1.31129   1.54918   0.42152   0.87551   1.07542   0.00000   0.33086   0.32227   0.54635   0.23829   0.11453   0.00479   0.00668   0.00000   0.00273   0.00266   1.85584  -0.40493   2.00680   0.06473   2.85607  
 75  0.0019  12335.869509  x:  0.00562   0.20550   0.08052   0.37896   0.61995   1.31182   1.54899   0.42165   0.87667   1.07283   0.00000   0.33134   0.32242   0.54651   0.23844   0.11458   0.00469   0.00662   0.00000   0.00279   0.00270   1.85503  -0.40385   2.02306   0.06423   2.87000  
 76  0.0126  12335.868766  x:  0.00563   0.20534   0.08059   0.37903   0.61995   1.31278   1.54850   0.42211   0.87625   1.07312   0.00000   0.33117   0.32203   0.54675   0.23824   0.11435   0.00469   0.00663   0.00000   0.00280   0.00271   1.85524  -0.41083   2.01862   0.06399   2.87261  
 77  0.0037  12335.868326  x:  0.00560   0.20538   0.08048   0.37896   0.62036   1.31457   1.54808   0.42190   0.87617   1.07438   0.00000   0.33110   0.32215   0.54724   0.23829   0.11432   0.00469   0.00666   0.00000   0.00282   0.00269   1.85544  -0.40539   2.02638   0.06371   2.88162  
 78  0.0041  12335.866689  x:  0.00559   0.20554   0.08029   0.37838   0.62107   1.31706   1.54761   0.42178   0.87502   1.07451   0.00000   0.33112   0.32250   0.54638   0.23863   0.11474   0.00469   0.00674   0.00000   0.00288   0.00267   1.85638  -0.42054   2.00849   0.06416   2.86422  
 79  0.0037  12335.864429  x:  0.00553   0.20527   0.08068   0.37891   0.62023   1.31454   1.54811   0.42221   0.87595   1.07249   0.00000   0.33140   0.32197   0.54637   0.23824   0.11441   0.00471   0.00688   0.00000   0.00295   0.00264   1.85451  -0.41744   2.01075   0.06397   2.85856  
 80  0.0020  12335.863858  x:  0.00555   0.20532   0.08052   0.37862   0.62001   1.31372   1.54760   0.42169   0.87522   1.07279   0.00000   0.33115   0.32200   0.54651   0.23821   0.11437   0.00468   0.00690   0.00000   0.00300   0.00263   1.85550  -0.42240   2.00276   0.06427   2.84702  
 81  0.0084  12335.863784  x:  0.00554   0.20531   0.08045   0.37867   0.61980   1.31287   1.54758   0.42171   0.87519   1.07287   0.00000   0.33105   0.32197   0.54651   0.23822   0.11437   0.00469   0.00690   0.00000   0.00299   0.00263   1.85567  -0.42362   2.00344   0.06410   2.84650  
 82  0.0010  12335.863775  x:  0.00554   0.20530   0.08046   0.37872   0.61982   1.31280   1.54758   0.42166   0.87527   1.07303   0.00000   0.33110   0.32200   0.54649   0.23825   0.11440   0.00469   0.00690   0.00000   0.00300   0.00263   1.85564  -0.42395   2.00331   0.06404   2.84710  
 83  0.0004  12335.863774  x:  0.00554   0.20531   0.08047   0.37873   0.61983   1.31279   1.54758   0.42167   0.87529   1.07306   0.00000   0.33110   0.32200   0.54648   0.23824   0.11439   0.00468   0.00691   0.00000   0.00300   0.00263   1.85567  -0.42398   2.00328   0.06407   2.84710  
 84  0.0000  12335.863772  x:  0.00554   0.20531   0.08047   0.37872   0.61988   1.31277   1.54756   0.42170   0.87534   1.07309   0.00000   0.33110   0.32200   0.54650   0.23824   0.11439   0.00468   0.00691   0.00000   0.00299   0.00263   1.85566  -0.42431   2.00298   0.06406   2.84674  
 85  0.0001  12335.863767  x:  0.00554   0.20530   0.08045   0.37869   0.61987   1.31277   1.54742   0.42173   0.87539   1.07299   0.00000   0.33109   0.32199   0.54648   0.23826   0.11440   0.00468   0.00691   0.00000   0.00299   0.00263   1.85564  -0.42396   2.00324   0.06406   2.84703  
 86  0.0001  12335.863762  x:  0.00554   0.20531   0.08048   0.37871   0.61986   1.31275   1.54751   0.42171   0.87534   1.07305   0.00000   0.33110   0.32199   0.54649   0.23824   0.11439   0.00467   0.00691   0.00000   0.00299   0.00263   1.85567  -0.42383   2.00345   0.06407   2.84714  
 87  0.0001  12335.863761  x:  0.00554   0.20531   0.08047   0.37871   0.61984   1.31279   1.54754   0.42169   0.87530   1.07304   0.00000   0.33110   0.32199   0.54648   0.23824   0.11439   0.00467   0.00691   0.00000   0.00299   0.00263   1.85566  -0.42392   2.00335   0.06406   2.84713  
 88  0.0001  12335.863761  x:  0.00554   0.20531   0.08047   0.37872   0.61984   1.31279   1.54757   0.42168   0.87530   1.07305   0.00000   0.33110   0.32200   0.54649   0.23824   0.11439   0.00467   0.00691   0.00000   0.00299   0.00263   1.85566  -0.42392   2.00335   0.06406   2.84717  
 89  0.0000  12335.863761  x:  0.00554   0.20531   0.08047   0.37872   0.61984   1.31279   1.54757   0.42168   0.87530   1.07305   0.00000   0.33110   0.32200   0.54649   0.23824   0.11439   0.00467   0.00691   0.00000   0.00299   0.00263   1.85566  -0.42391   2.00335   0.06406   2.84717  
 90  0.0000  12335.863761  x:  0.00554   0.20531   0.08047   0.37872   0.61984   1.31279   1.54757   0.42168   0.87530   1.07305   0.00000   0.33110   0.32200   0.54649   0.23824   0.11439   0.00467   0.00691   0.00000   0.00299   0.00263   1.85566  -0.42391   2.00335   0.06406   2.84717  
 91  0.0000  12335.863761  x:  0.00554   0.20531   0.08047   0.37872   0.61984   1.31279   1.54757   0.42168   0.87530   1.07305   0.00000   0.33110   0.32200   0.54649   0.23824   0.11439   0.00467   0.00691   0.00000   0.00299   0.00263   1.85566  -0.42391   2.00335   0.06406   2.84717  
check convergence!


Model 3: discrete

TREE # 1

  0  0.0000  15823.043162  x:  0.07058   0.10086   0.02536   0.08486   0.01630   0.04135   0.06835   0.10645   0.07375   0.09656   0.04239   0.05039   0.10802   0.08323   0.01727   0.04588   0.02916   0.07564   0.04698   0.08047   0.01022   1.85566   0.43952   0.50353   0.50810   1.23912   2.09269  
  1 99.0000  14198.186051  x:  0.06055   0.10810   0.05275   0.12432   0.17173   0.15301   0.15745   0.13840   0.12845   0.13833   0.05791   0.07931   0.12183   0.10655   0.08733   0.05490   0.01894   0.06536   0.03619   0.06996   0.00000   1.85495   0.44208   0.50197   0.50138   1.23502   2.09600  
  2 14976.9557  13874.691467  x:  0.04020   0.11740   0.05601   0.14093   0.13084   0.16700   0.19384   0.16732   0.17401   0.18396   0.07278   0.10672   0.14125   0.13607   0.07343   0.06493   0.00000   0.04533   0.01538   0.04937   0.01809   1.85385   0.44560   0.49981   0.49143   1.22994   2.09963  
  3 3681.0349  13755.473178  x:  0.02758   0.12288   0.05832   0.15194   0.10983   0.17295   0.21040   0.18180   0.19283   0.20418   0.07789   0.11724   0.15045   0.14928   0.06821   0.06877   0.02662   0.03143   0.00000   0.03444   0.00747   1.85310   0.44800   0.49835   0.48463   1.22659   2.10189  
  4 6193.3654  13739.368573  x:  0.02398   0.12373   0.05869   0.15475   0.10712   0.17301   0.21175   0.18381   0.19379   0.20596   0.07756   0.11736   0.15148   0.15047   0.06834   0.06881   0.02518   0.02780   0.00000   0.03015   0.00038   1.85290   0.44866   0.49795   0.48274   1.22572   2.10244  
  5 2625.2192  13697.577746  x:  0.00000   0.12806   0.06133   0.17392   0.10155   0.17129   0.21287   0.19184   0.18760   0.20653   0.06995   0.10972   0.15393   0.15108   0.07555   0.06596   0.02464   0.00361   0.00000   0.00036   0.00091   1.85152   0.45326   0.49521   0.46958   1.21977   2.10599  
  6 2024.8438  13697.577746  x:  0.00000   0.12806   0.06133   0.17392   0.10155   0.17129   0.21287   0.19184   0.18760   0.20653   0.06995   0.10972   0.15393   0.15108   0.07555   0.06596   0.02464   0.00361   0.00000   0.00036   0.00091   1.85152   0.45326   0.49521   0.46958   1.21977   2.10599  
  7 1381.2348  13439.559825  x:  0.04408   0.13804   0.07676   0.20915   0.17190   0.24270   0.28185   0.22670   0.23975   0.25335   0.08407   0.13884   0.17208   0.17915   0.10695   0.07588   0.00000   0.01965   0.00000   0.19573   0.04219   1.84997   0.45913   0.49168   0.45360   1.21142   2.11188  
  8 5213.7880  13228.770662  x:  0.02503   0.14509   0.08486   0.23370   0.21458   0.29362   0.33407   0.25432   0.28056   0.29139   0.09358   0.16038   0.18682   0.20189   0.12543   0.08203   0.03114   0.00000   0.00000   0.19193   0.01750   1.84855   0.46313   0.48936   0.44187   1.20638   2.11466  
  9 2992.3859  13228.770662  x:  0.02503   0.14509   0.08486   0.23370   0.21458   0.29362   0.33407   0.25432   0.28056   0.29139   0.09358   0.16038   0.18682   0.20189   0.12543   0.08203   0.03114   0.00000   0.00000   0.19193   0.01750   1.84855   0.46313   0.48936   0.44187   1.20638   2.11466  
 10 80610.7788  13211.723000  x:  0.02499   0.14510   0.08487   0.23373   0.21463   0.29369   0.33414   0.25436   0.28062   0.29144   0.09359   0.16041   0.18684   0.20192   0.12545   0.08203   0.03108   0.00623   0.00007   0.19187   0.01746   1.84855   0.46314   0.48936   0.44185   1.20638   2.11466  
 11 65843.3238  13211.287441  x:  0.02493   0.14511   0.08487   0.23376   0.21468   0.29376   0.33421   0.25440   0.28068   0.29150   0.09360   0.16044   0.18686   0.20196   0.12547   0.08204   0.03102   0.00624   0.00000   0.19181   0.01739   1.84855   0.46314   0.48936   0.44183   1.20637   2.11466  
 12 2040.5948  13129.871704  x:  0.04387   0.14349   0.06577   0.23032   0.19959   0.29907   0.34603   0.25857   0.28482   0.30238   0.07359   0.14976   0.18072   0.20245   0.11019   0.07074   0.00000   0.00654   0.00000   0.08620   0.00418   1.84675   0.47121   0.48550   0.41667   1.19838   2.11578  
 13 841.1342  13102.558454  x:  0.05049   0.14330   0.05946   0.22987   0.19503   0.30249   0.35199   0.26089   0.28745   0.30772   0.06608   0.14650   0.17889   0.20338   0.10558   0.06710   0.00198   0.00666   0.00000   0.04109   0.00000   1.84595   0.47482   0.48374   0.40553   1.19475   2.11647  
 14 7487.6158  13076.848996  x:  0.05578   0.14318   0.05413   0.22967   0.19145   0.30581   0.35750   0.26309   0.29003   0.31260   0.05976   0.14389   0.17746   0.20437   0.10176   0.06403   0.00306   0.00675   0.00000   0.00234   0.00009   1.84526   0.47793   0.48222   0.39595   1.19162   2.11706  
 15 85626.9147  13051.233052  x:  0.11368   0.14724   0.07112   0.23427   0.15862   0.32233   0.39199   0.27125   0.29515   0.35099   0.00190   0.13040   0.16713   0.21346   0.11885   0.07573   0.00000   0.00686   0.00000   0.00149   0.00008   1.83557   0.53112   0.45511   0.23946   1.13692   2.13376  
 16 265.6465  13030.166740  x:  0.16413   0.14164   0.05423   0.23680   0.13561   0.33476   0.41906   0.27670   0.29739   0.38663   0.01449   0.12490   0.16186   0.22868   0.10703   0.06278   0.00000   0.00694   0.00000   0.00660   0.00019   1.82579   0.58452   0.42848   0.08278   1.08468   2.14694  
 17 1157.8634  13022.840728  x:  0.16849   0.13600   0.05720   0.23992   0.14165   0.33208   0.41688   0.27262   0.28997   0.38846   0.01885   0.12975   0.16245   0.22832   0.10887   0.06379   0.00000   0.00698   0.00000   0.00152   0.00008   1.82235   0.60431   0.41918   0.02735   1.06631   2.14988  
 18 782.3591  13019.945806  x:  0.15924   0.12910   0.04750   0.24064   0.15002   0.33252   0.41678   0.27052   0.28644   0.38809   0.00884   0.13051   0.16105   0.22387   0.10135   0.05799   0.00000   0.00701   0.00000   0.00306   0.00011   1.81994   0.61633   0.41450   0.00000   1.05503   2.14891  
 19 376.7722  13012.676592  x:  0.08347   0.11502   0.03318   0.21739   0.13138   0.33280   0.41950   0.26112   0.27805   0.39014   0.00000   0.10592   0.14070   0.21319   0.08818   0.05415   0.00000   0.00714   0.00000   0.00337   0.00008   1.80953   0.66017   0.40081   0.00000   1.00249   2.14259  
 20 229.5549  13012.676592  x:  0.08347   0.11502   0.03318   0.21739   0.13138   0.33280   0.41950   0.26112   0.27805   0.39014   0.00000   0.10592   0.14070   0.21319   0.08818   0.05415   0.00000   0.00714   0.00000   0.00337   0.00008   1.80953   0.66017   0.40081   0.00000   1.00249   2.14259  
 21 1001.3161  13008.903511  x:  0.08335   0.11504   0.03324   0.21744   0.13149   0.33287   0.41956   0.26116   0.27811   0.39019   0.00005   0.10600   0.14075   0.21323   0.08824   0.05418   0.00002   0.00709   0.00000   0.00332   0.00279   1.80953   0.66018   0.40081   0.00000   1.00248   2.14259  
 22 17364.5809  12990.971734  x:  0.07878   0.11573   0.03585   0.21954   0.13573   0.33568   0.42204   0.26260   0.28039   0.39200   0.00295   0.10907   0.14269   0.21490   0.09078   0.05539   0.00067   0.00466   0.00000   0.00016   0.00287   1.80943   0.66053   0.40067   0.00000   1.00214   2.14261  
 23 1869.5439  12964.136702  x:  0.07040   0.11699   0.04056   0.22337   0.14345   0.34081   0.42657   0.26525   0.28456   0.39530   0.00823   0.11466   0.14623   0.21793   0.09540   0.05757   0.00171   0.00040   0.00000   0.00053   0.00294   1.80925   0.66117   0.40043   0.00000   1.00152   2.14265  
 24 19252.7167  12793.923374  x:  0.00000   0.12744   0.07946   0.25538   0.20792   0.38380   0.46460   0.28740   0.31953   0.42294   0.05192   0.16123   0.17576   0.24321   0.13375   0.07567   0.00870   0.00487   0.00000   0.00232   0.00336   1.80776   0.66649   0.39841   0.00000   0.99632   2.14293  
 25 27952.7742  12750.618194  x:  0.03812   0.13487   0.09820   0.28163   0.26152   0.42599   0.50325   0.30909   0.35374   0.44972   0.07798   0.19601   0.19816   0.26362   0.15788   0.08566   0.00000   0.00735   0.00000   0.00328   0.00363   1.80653   0.66875   0.39834   0.00000   0.99270   2.14197  
 26 2215.3700  12741.081164  x:  0.04787   0.13462   0.07854   0.29221   0.28680   0.46160   0.53914   0.32718   0.38243   0.47223   0.06978   0.20305   0.20276   0.27233   0.15209   0.07708   0.03833   0.00918   0.00000   0.00423   0.00356   1.80607   0.66107   0.40446   0.00000   0.99361   2.13789  
 27 1103.7885  12654.232777  x:  0.03923   0.13001   0.00804   0.31068   0.33652   0.55333   0.63435   0.37310   0.45583   0.53069   0.02762   0.20544   0.20457   0.28950   0.12282   0.04931   0.02924   0.00767   0.00000   0.00366   0.00309   1.80541   0.63083   0.42709   0.07679   0.99946   2.12425  
 28 1947.2037  12628.907243  x:  0.03893   0.13202   0.02816   0.30906   0.33516   0.57831   0.66293   0.38514   0.47536   0.54769   0.00000   0.19231   0.19761   0.29122   0.12085   0.05713   0.03028   0.00762   0.00000   0.00375   0.00278   1.80561   0.61695   0.43719   0.09729   1.00524   2.11720  
 29 948.4274  12628.907243  x:  0.03893   0.13202   0.02816   0.30906   0.33516   0.57831   0.66293   0.38514   0.47536   0.54769   0.00000   0.19231   0.19761   0.29122   0.12085   0.05713   0.03028   0.00762   0.00000   0.00375   0.00278   1.80561   0.61695   0.43719   0.09729   1.00524   2.11720  
 30 602.4820  12617.845291  x:  0.03358   0.13286   0.03140   0.30958   0.33605   0.57960   0.66428   0.38571   0.47635   0.54877   0.00125   0.19332   0.19850   0.29234   0.12314   0.05925   0.02472   0.00508   0.00000   0.00027   0.00191   1.80559   0.61657   0.43752   0.09809   1.00551   2.11687  
 31 1249.4411  12601.861553  x:  0.02361   0.13443   0.03735   0.31054   0.33770   0.58202   0.66683   0.38679   0.47822   0.55078   0.00378   0.19522   0.20016   0.29444   0.12738   0.06317   0.01434   0.00066   0.00000   0.00077   0.00106   1.80557   0.61584   0.43814   0.09957   1.00602   2.11625  
 32 9184.7984  12582.082174  x:  0.01082   0.13643   0.04486   0.31177   0.33983   0.58513   0.67011   0.38819   0.48062   0.55337   0.00710   0.19766   0.20228   0.29713   0.13277   0.06812   0.00107   0.00132   0.00000   0.00092   0.00164   1.80553   0.61491   0.43894   0.10149   1.00666   2.11546  
 33 14780.9039  12575.470313  x:  0.00217   0.13802   0.05009   0.31279   0.34166   0.58786   0.67299   0.38940   0.48272   0.55561   0.00992   0.19969   0.20404   0.29938   0.13679   0.07157   0.00374   0.00172   0.00000   0.00102   0.00145   1.80551   0.61410   0.43964   0.10318   1.00723   2.11476  
 34 1461.4733  12549.251474  x:  0.02128   0.16010   0.11292   0.32790   0.36926   0.62998   0.71756   0.40811   0.51498   0.58988   0.04912   0.22979   0.22993   0.33231   0.18977   0.11507   0.01393   0.00477   0.00000   0.00151   0.00112   1.80522   0.60118   0.45075   0.13019   1.01606   2.10383  
 35 994.5284  12548.174912  x:  0.02186   0.16088   0.11471   0.32866   0.37072   0.63231   0.72003   0.40915   0.51676   0.59174   0.05069   0.23122   0.23114   0.33388   0.19163   0.11627   0.01440   0.00404   0.00000   0.00122   0.00412   1.80521   0.60033   0.45146   0.13205   1.01661   2.10318  
 36 1905.5816  12464.584252  x:  0.02205   0.17048   0.08303   0.36358   0.44514   0.75912   0.85603   0.46602   0.61266   0.68987   0.09192   0.29093   0.27977   0.40010   0.21193   0.08906   0.01421   0.00363   0.00000   0.00000   0.00376   1.80584   0.54454   0.49712   0.26343   1.05073   2.06473  
 37 852.6556  12395.211210  x:  0.02385   0.18917   0.04638   0.42897   0.58329   0.99429   1.10835   0.57159   0.79051   0.87201   0.07203   0.39999   0.36852   0.52206   0.25622   0.05124   0.01617   0.00452   0.00000   0.00096   0.00356   1.80701   0.43974   0.58279   0.51119   1.11496   1.99269  
 38 12249.4106  12384.633183  x:  0.02370   0.19502   0.02207   0.43357   0.59758   1.02903   1.14729   0.58453   0.81437   0.89739   0.07172   0.39579   0.36263   0.52885   0.24050   0.10132   0.01668   0.00457   0.00000   0.00099   0.00359   1.80839   0.42471   0.59534   0.54530   1.12550   1.98177  
 39 510.4656  12373.992648  x:  0.02598   0.19911   0.06702   0.42576   0.60135   1.08538   1.21653   0.59396   0.84316   0.93329   0.08189   0.32596   0.29524   0.50589   0.20050   0.10367   0.01804   0.00495   0.00000   0.00097   0.00382   1.81496   0.40439   0.61270   0.57511   1.14587   1.96572  
 40 188.2749  12369.615976  x:  0.02496   0.20932   0.04694   0.38746   0.57712   1.13851   1.29183   0.57603   0.85258   0.95963   0.07757   0.29157   0.28275   0.47128   0.23994   0.09934   0.01737   0.00478   0.00000   0.00096   0.00372   1.82934   0.39692   0.61961   0.52319   1.16868   1.95720  
 41 77.1771  12366.990892  x:  0.02444   0.18669   0.05627   0.36639   0.56437   1.18012   1.35515   0.54568   0.84819   0.97497   0.07524   0.30115   0.30212   0.44542   0.21599   0.10252   0.01705   0.00473   0.00000   0.00099   0.00362   1.84437   0.38887   0.62756   0.46689   1.19044   1.94863  
 42 87.0401  12366.267568  x:  0.02405   0.20744   0.05699   0.36989   0.56804   1.19140   1.37741   0.51904   0.83466   0.97366   0.07377   0.30826   0.30148   0.44350   0.20516   0.10009   0.01676   0.00467   0.00000   0.00099   0.00358   1.85274   0.38008   0.63626   0.45019   1.19852   1.94228  
 43 46.3658  12364.858117  x:  0.02413   0.19641   0.05454   0.38747   0.58230   1.20822   1.42306   0.43683   0.78920   0.96135   0.07384   0.31291   0.28437   0.45157   0.21386   0.10172   0.01686   0.00469   0.00000   0.00099   0.00359   1.87507   0.34623   0.66909   0.43505   1.21410   1.92147  
 44 52.5955  12364.403018  x:  0.02448   0.19897   0.05792   0.37637   0.57019   1.20741   1.43285   0.40312   0.77811   0.95816   0.07509   0.30427   0.29905   0.45478   0.21356   0.10254   0.01709   0.00475   0.00000   0.00099   0.00363   1.88183   0.32129   0.69393   0.44167   1.21262   1.90692  
 45 27.0853  12362.474179  x:  0.02438   0.19820   0.06094   0.36067   0.55350   1.17129   1.42092   0.31236   0.84173   0.98226   0.07290   0.32175   0.27592   0.46577   0.21256   0.10445   0.01703   0.00479   0.00000   0.00101   0.00364   1.87201   0.13607   0.89515   0.34129   1.13835   1.78348  
 46 15.8159  12360.586351  x:  0.02424   0.19790   0.06190   0.38082   0.57295   1.14998   1.41233   0.27122   0.87076   0.97644   0.07084   0.29353   0.29716   0.45054   0.21565   0.10670   0.01697   0.00482   0.00000   0.00101   0.00364   1.85560  -0.05904   1.10277   0.23031   1.06841   1.67075  
 47 99.2052  12358.527724  x:  0.02447   0.19874   0.06670   0.36516   0.56266   1.14367   1.41124   0.28142   0.85399   0.94155   0.06991   0.30592   0.28696   0.44664   0.21977   0.11014   0.01714   0.00491   0.00000   0.00102   0.00369   1.83568  -0.28612   1.33453   0.12592   1.01193   1.57688  
 48 99.0389  12358.308620  x:  0.02433   0.19816   0.06644   0.36339   0.56328   1.14055   1.40865   0.28071   0.85344   0.94923   0.06879   0.29830   0.28791   0.46425   0.21741   0.11019   0.01705   0.00490   0.00000   0.00103   0.00368   1.83232  -0.31407   1.36105   0.10819   1.01565   1.59119  
 49 13.4794  12357.435035  x:  0.02441   0.20010   0.06862   0.36635   0.57432   1.12482   1.39718   0.26029   0.85760   0.99646   0.06695   0.30245   0.28886   0.44333   0.22101   0.11248   0.01710   0.00496   0.00000   0.00104   0.00372   1.82558  -0.42397   1.46586   0.07814   1.01290   1.70642  
 50 19.5003  12356.721065  x:  0.02401   0.20008   0.06915   0.37350   0.57222   1.13474   1.41095   0.24828   0.86748   1.00356   0.06316   0.30016   0.28905   0.45223   0.21896   0.11320   0.01680   0.00492   0.00000   0.00106   0.00371   1.83669  -0.48049   1.53096   0.05765   0.94797   1.80191  
 51 22.2621  12355.678911  x:  0.02357   0.20142   0.07101   0.39855   0.55098   1.15015   1.42598   0.23520   0.94164   0.92856   0.05790   0.30292   0.29192   0.45964   0.22263   0.11479   0.01649   0.00492   0.00000   0.00107   0.00374   1.83918  -0.50751   1.59458   0.05066   0.96493   1.89364  
 52  7.2080  12348.959903  x:  0.01935   0.20657   0.08040   0.27349   0.70518   1.12034   1.52929   0.29715   0.96263   0.90960   0.01589   0.31880   0.30848   0.51581   0.23829   0.11973   0.01323   0.00465   0.00000   0.00110   0.00379   1.81151  -0.36658   1.85467   0.07159   0.98820   2.13076  
 53  5.9967  12344.882953  x:  0.01765   0.20844   0.08145   0.31617   0.66731   1.14560   1.53637   0.33354   0.93639   0.95947   0.00000   0.32628   0.31625   0.53506   0.24643   0.12079   0.01197   0.00454   0.00000   0.00110   0.00380   1.81461  -0.30526   1.95022   0.08018   1.00167   2.19818  
 54 33.3050  12344.882953  x:  0.01765   0.20844   0.08145   0.31617   0.66731   1.14560   1.53637   0.33354   0.93639   0.95947   0.00000   0.32628   0.31625   0.53506   0.24643   0.12079   0.01197   0.00454   0.00000   0.00110   0.00380   1.81461  -0.30526   1.95022   0.08018   1.00167   2.19818  
 55  8.2674  12342.751887  x:  0.01200   0.20813   0.08122   0.31631   0.66714   1.14585   1.53639   0.33378   0.93626   0.95960   0.00006   0.32628   0.31620   0.53504   0.24607   0.12032   0.00614   0.00710   0.00000   0.00859   0.00314   1.81464  -0.30530   1.95020   0.08024   1.00185   2.19826  
 56 666.5984  12341.383901  x:  0.00809   0.20790   0.08105   0.31641   0.66700   1.14604   1.53640   0.33397   0.93616   0.95970   0.00012   0.32629   0.31616   0.53502   0.24579   0.11997   0.00308   0.00765   0.00000   0.00761   0.00204   1.81466  -0.30533   1.95019   0.08029   1.00198   2.19832  
 57 604.6008  12340.991156  x:  0.00501   0.20763   0.08086   0.31653   0.66684   1.14627   1.53642   0.33420   0.93604   0.95981   0.00020   0.32629   0.31612   0.53500   0.24547   0.11956   0.00383   0.00816   0.00000   0.00737   0.00286   1.81469  -0.30537   1.95018   0.08033   1.00214   2.19839  
 58 309.7327  12340.927833  x:  0.00449   0.20745   0.08073   0.31661   0.66673   1.14643   1.53643   0.33436   0.93596   0.95990   0.00024   0.32629   0.31609   0.53498   0.24525   0.11929   0.00434   0.00828   0.00000   0.00747   0.00216   1.81472  -0.30539   1.95017   0.08036   1.00225   2.19844  
 59 133.5789  12340.422976  x:  0.00503   0.20017   0.07517   0.32014   0.66203   1.15304   1.53687   0.34088   0.93244   0.96328   0.00222   0.32633   0.31475   0.53425   0.23612   0.10872   0.00432   0.00993   0.00000   0.00712   0.00221   1.81564  -0.30637   1.94976   0.08160   1.00681   2.20055  
 60 58.3394  12340.308721  x:  0.00479   0.19875   0.07430   0.32108   0.66081   1.15477   1.53697   0.34256   0.93149   0.96415   0.00262   0.32633   0.31442   0.53403   0.23414   0.10689   0.00426   0.00812   0.00000   0.00746   0.00227   1.81588  -0.30662   1.94964   0.08188   1.00796   2.20111  
 61 185.6881  12339.205621  x:  0.00482   0.19365   0.08715   0.34346   0.63399   1.19301   1.53830   0.37906   0.90898   0.98289   0.00542   0.32601   0.30783   0.52795   0.21341   0.11816   0.00431   0.00834   0.00000   0.00742   0.00228   1.82190  -0.31145   1.94634   0.08563   1.03151   2.21407  
 62 52.4447  12338.509103  x:  0.00493   0.20588   0.09034   0.35991   0.61223   1.22357   1.53716   0.40563   0.88757   0.99805   0.00224   0.32788   0.30988   0.52429   0.22621   0.10798   0.00427   0.00838   0.00000   0.00740   0.00229   1.82847  -0.31522   1.94235   0.08894   1.04605   2.22748  
 63 59.8520  12338.191737  x:  0.00483   0.20624   0.07615   0.36732   0.60222   1.23887   1.53421   0.41634   0.87406   1.00669   0.00165   0.32926   0.31501   0.52572   0.23498   0.11415   0.00435   0.00837   0.00000   0.00738   0.00228   1.83345  -0.31720   1.93891   0.09100   1.04929   2.23769  
 64 45.8285  12338.045126  x:  0.00485   0.19752   0.07820   0.37172   0.60050   1.24673   1.52876   0.41771   0.86338   1.01320   0.00194   0.32803   0.31802   0.53056   0.24153   0.11460   0.00434   0.00836   0.00000   0.00738   0.00229   1.83837  -0.31835   1.93460   0.09152   1.04489   2.24891  
 65 21.0251  12337.853843  x:  0.00484   0.19921   0.07832   0.37439   0.60096   1.25306   1.52169   0.41604   0.85298   1.02010   0.00000   0.32586   0.31833   0.53528   0.23932   0.11418   0.00434   0.00836   0.00000   0.00737   0.00229   1.84369  -0.31955   1.92919   0.09112   1.03811   2.26263  
 66 26.3378  12337.661315  x:  0.00484   0.19914   0.07921   0.36327   0.60023   1.26273   1.50617   0.40982   0.84555   1.03982   0.00228   0.33749   0.31396   0.53153   0.23909   0.11416   0.00433   0.00835   0.00000   0.00735   0.00228   1.84974  -0.32553   1.91459   0.08305   1.03793   2.30203  
 67 15.0457  12337.569013  x:  0.00484   0.19839   0.07899   0.36076   0.60256   1.26569   1.50191   0.40823   0.84614   1.04576   0.00000   0.33615   0.31258   0.52808   0.23980   0.11442   0.00433   0.00835   0.00000   0.00733   0.00229   1.85029  -0.32929   1.90993   0.08588   1.03979   2.31759  
 68 22.0723  12337.413960  x:  0.00487   0.20113   0.07923   0.35906   0.61371   1.27375   1.49374   0.40636   0.85289   1.05967   0.00894   0.33018   0.31794   0.52687   0.24064   0.11450   0.00435   0.00835   0.00000   0.00732   0.00229   1.84898  -0.34140   1.89681   0.09074   1.04807   2.36407  
 69 32.0495  12337.269605  x:  0.00490   0.20085   0.07961   0.36284   0.62481   1.28142   1.49425   0.40941   0.86341   1.06295   0.00141   0.33248   0.32670   0.53142   0.23939   0.11456   0.00436   0.00835   0.00000   0.00726   0.00230   1.84563  -0.35459   1.88338   0.08490   1.05440   2.41429  
 70 21.8190  12337.052845  x:  0.00491   0.20129   0.07927   0.36229   0.62676   1.28768   1.50199   0.41509   0.87425   1.05847   0.00000   0.33464   0.32152   0.54254   0.24091   0.11485   0.00437   0.00834   0.00000   0.00721   0.00231   1.84270  -0.37098   1.87159   0.08559   1.05358   2.46878  
 71 27.3279  12336.843136  x:  0.00493   0.20193   0.08155   0.36196   0.61954   1.29145   1.52288   0.42013   0.88241   1.04355   0.00000   0.33611   0.33112   0.53333   0.23833   0.11476   0.00437   0.00833   0.00000   0.00714   0.00231   1.84495  -0.39909   1.85899   0.08639   1.03952   2.55205  
 72 24.1462  12336.769427  x:  0.00492   0.20160   0.08013   0.36731   0.61933   1.29027   1.53292   0.41938   0.88285   1.03983   0.00000   0.33116   0.32753   0.52688   0.24015   0.11483   0.00437   0.00832   0.00000   0.00712   0.00231   1.84835  -0.41016   1.85746   0.07785   1.03720   2.58044  
 73 19.1472  12336.682551  x:  0.00494   0.20225   0.08008   0.37833   0.61975   1.28066   1.55097   0.40995   0.87840   1.04413   0.00000   0.33760   0.32575   0.52727   0.24026   0.11496   0.00439   0.00832   0.00000   0.00706   0.00231   1.85915  -0.43388   1.86892   0.07809   1.04234   2.61726  
 74  8.5009  12336.654142  x:  0.00494   0.20226   0.08025   0.37787   0.61835   1.27914   1.55435   0.40886   0.87833   1.04615   0.00501   0.33653   0.32648   0.52867   0.24014   0.11497   0.00439   0.00832   0.00000   0.00704   0.00231   1.86094  -0.43859   1.87198   0.07688   1.04321   2.62406  
 75 14.0474  12336.614758  x:  0.00495   0.20231   0.08082   0.37547   0.61451   1.27503   1.56545   0.40650   0.87873   1.05394   0.00104   0.33287   0.32896   0.53329   0.23980   0.11502   0.00439   0.00830   0.00000   0.00698   0.00232   1.86660  -0.45525   1.88467   0.07226   1.04462   2.64717  
 76 10.9051  12336.568729  x:  0.00496   0.20256   0.08063   0.37411   0.62056   1.27796   1.57094   0.41292   0.88192   1.06541   0.00086   0.33456   0.32842   0.53296   0.24024   0.11511   0.00439   0.00829   0.00000   0.00691   0.00232   1.86598  -0.47192   1.90827   0.06764   1.03406   2.66480  
 77  4.8890  12336.505887  x:  0.00497   0.20266   0.08080   0.36882   0.62483   1.28595   1.55806   0.41321   0.87163   1.05582   0.00082   0.33404   0.32827   0.53369   0.24000   0.11513   0.00440   0.00826   0.00000   0.00675   0.00232   1.85306  -0.49212   1.94772   0.06064   1.03507   2.69025  
 78  3.2301  12336.449653  x:  0.00497   0.20281   0.08054   0.38039   0.61235   1.28750   1.53780   0.41032   0.88456   1.05239   0.00062   0.33388   0.32773   0.53472   0.23992   0.11498   0.00440   0.00823   0.00000   0.00655   0.00233   1.85529  -0.48972   1.97561   0.05784   1.03300   2.71290  
 79  2.1713  12335.948145  x:  0.00506   0.20497   0.08070   0.37436   0.62535   1.26756   1.51133   0.46205   0.87861   1.04410   0.00032   0.33091   0.32437   0.54274   0.23874   0.11464   0.00440   0.00781   0.00000   0.00439   0.00236   1.90179  -0.30881   2.12885   0.06865   1.05648   2.90474  
 80  2.4447  12335.813590  x:  0.00507   0.20524   0.08063   0.37670   0.62317   1.26858   1.51423   0.46069   0.87649   1.04843   0.00000   0.33045   0.32380   0.54403   0.23855   0.11457   0.00440   0.00775   0.00000   0.00406   0.00237   1.89500  -0.27909   2.15001   0.07054   1.05771   2.93391  
 81 16.8776  12335.743412  x:  0.00510   0.20556   0.08083   0.37251   0.62771   1.30076   1.52656   0.44184   0.88317   1.04483   0.00000   0.33043   0.32327   0.54520   0.23839   0.11457   0.00441   0.00768   0.00000   0.00376   0.00238   1.90584  -0.24740   2.17441   0.07304   1.06120   2.95833  
 82  4.1478  12335.286441  x:  0.00584   0.20644   0.08098   0.38167   0.61978   1.31206   1.54720   0.42667   0.87387   1.07460   0.00000   0.32983   0.32175   0.55035   0.23792   0.11462   0.00487   0.00642   0.00000   0.00254   0.00264   1.86231   0.00793   2.33358   0.08754   1.07453   3.23421  
 83  0.4638  12335.137110  x:  0.00535   0.20621   0.08124   0.38373   0.62147   1.31813   1.56035   0.41917   0.88082   1.08238   0.00000   0.33135   0.32423   0.54716   0.23889   0.11456   0.00461   0.00741   0.00000   0.00330   0.00289   1.85080   0.19908   2.48934   0.09485   1.08884   3.55185  
 84  0.1744  12334.931341  x:  0.00548   0.20716   0.08221   0.37876   0.63627   1.33035   1.55264   0.43037   0.89703   1.08836   0.00000   0.33292   0.32842   0.55152   0.24052   0.11530   0.00456   0.00714   0.00000   0.00274   0.00265   1.87544   0.45012   2.73593   0.09803   1.11010   4.20582  
 85  0.3206  12334.892928  x:  0.00564   0.20774   0.08223   0.37930   0.63639   1.33256   1.55510   0.42954   0.89614   1.08898   0.00000   0.33231   0.32805   0.55329   0.24059   0.11547   0.00469   0.00683   0.00000   0.00305   0.00259   1.87360   0.44846   2.72746   0.09858   1.10870   4.31490  
 86  0.1613  12334.892771  x:  0.00564   0.20774   0.08223   0.37931   0.63639   1.33257   1.55513   0.42954   0.89614   1.08899   0.00044   0.33231   0.32805   0.55330   0.24059   0.11547   0.00469   0.00683   0.00000   0.00305   0.00259   1.87358   0.44861   2.72755   0.09858   1.10871   4.31577  
 87  1.2831  12334.869534  x:  0.00569   0.20849   0.08241   0.38245   0.63489   1.33043   1.56299   0.43068   0.89765   1.08884   0.00013   0.33183   0.32836   0.55482   0.24079   0.11565   0.00478   0.00675   0.00000   0.00318   0.00259   1.86856   0.55233   2.82054   0.10195   1.11753   4.51676  
 88  0.5929  12334.853034  x:  0.00552   0.20891   0.08246   0.38453   0.63420   1.32944   1.56822   0.43106   0.89815   1.08985   0.00049   0.33180   0.32878   0.55565   0.24096   0.11571   0.00474   0.00710   0.00000   0.00299   0.00265   1.86446   0.59542   2.85657   0.10357   1.12073   4.68630  
 89  0.2216  12334.849488  x:  0.00553   0.20895   0.08260   0.38426   0.63641   1.33259   1.56930   0.43152   0.90054   1.09235   0.00062   0.33241   0.32961   0.55533   0.24131   0.11585   0.00473   0.00699   0.00000   0.00301   0.00265   1.86771   0.62258   2.88300   0.10441   1.12281   4.80603  
 90  0.0858  12334.849307  x:  0.00556   0.20897   0.08261   0.38424   0.63644   1.33245   1.56940   0.43161   0.90054   1.09208   0.00064   0.33238   0.32961   0.55531   0.24132   0.11587   0.00473   0.00701   0.00000   0.00301   0.00264   1.86750   0.62309   2.88219   0.10445   1.12297   4.81356  
 91  0.0078  12334.849299  x:  0.00556   0.20899   0.08262   0.38427   0.63646   1.33248   1.56952   0.43162   0.90058   1.09208   0.00064   0.33237   0.32962   0.55537   0.24133   0.11587   0.00473   0.00701   0.00000   0.00302   0.00265   1.86733   0.62501   2.88388   0.10449   1.12313   4.81940  
 92  0.0064  12334.849299  x:  0.00555   0.20899   0.08262   0.38427   0.63647   1.33249   1.56951   0.43161   0.90058   1.09209   0.00064   0.33237   0.32963   0.55537   0.24133   0.11587   0.00473   0.00701   0.00000   0.00302   0.00265   1.86733   0.62494   2.88391   0.10448   1.12312   4.81967  
 93  0.0003  12334.849299  x:  0.00556   0.20899   0.08262   0.38427   0.63647   1.33249   1.56951   0.43161   0.90058   1.09209   0.00063   0.33237   0.32963   0.55538   0.24133   0.11587   0.00473   0.00701   0.00000   0.00302   0.00265   1.86734   0.62499   2.88394   0.10448   1.12312   4.81974  
 94  0.0001  12334.849299  x:  0.00555   0.20899   0.08262   0.38427   0.63647   1.33249   1.56951   0.43161   0.90058   1.09209   0.00063   0.33237   0.32963   0.55537   0.24133   0.11587   0.00473   0.00701   0.00000   0.00302   0.00265   1.86734   0.62497   2.88393   0.10448   1.12312   4.81970  
 95  0.0000  12334.849299  x:  0.00555   0.20899   0.08262   0.38427   0.63647   1.33249   1.56951   0.43161   0.90058   1.09209   0.00063   0.33237   0.32963   0.55538   0.24133   0.11587   0.00473   0.00701   0.00000   0.00302   0.00265   1.86734   0.62498   2.88393   0.10448   1.12312   4.81971  
 96  0.0000  12334.849299  x:  0.00555   0.20899   0.08262   0.38427   0.63647   1.33249   1.56951   0.43161   0.90058   1.09209   0.00063   0.33237   0.32963   0.55538   0.24133   0.11587   0.00473   0.00701   0.00000   0.00302   0.00265   1.86734   0.62498   2.88393   0.10448   1.12312   4.81971  
 97  0.0000  12334.849299  x:  0.00555   0.20899   0.08262   0.38427   0.63647   1.33249   1.56951   0.43161   0.90058   1.09209   0.00063   0.33237   0.32963   0.55538   0.24133   0.11587   0.00473   0.00701   0.00000   0.00302   0.00265   1.86734   0.62498   2.88393   0.10448   1.12312   4.81971  
 98  0.0015  12334.849299  x:  0.00556   0.20899   0.08262   0.38427   0.63647   1.33249   1.56951   0.43161   0.90058   1.09209   0.00063   0.33237   0.32963   0.55538   0.24133   0.11587   0.00473   0.00701   0.00000   0.00302   0.00265   1.86734   0.62498   2.88393   0.10448   1.12312   4.81971  
 99  0.0028  12334.849299  x:  0.00556   0.20899   0.08262   0.38427   0.63647   1.33249   1.56951   0.43161   0.90058   1.09209   0.00063   0.33237   0.32963   0.55538   0.24133   0.11587   0.00473   0.00701   0.00000   0.00302   0.00265   1.86734   0.62498   2.88393   0.10448   1.12312   4.81971  
100  0.0011  12334.849299  x:  0.00556   0.20899   0.08262   0.38427   0.63647   1.33249   1.56951   0.43161   0.90058   1.09209   0.00063   0.33237   0.32963   0.55538   0.24133   0.11587   0.00473   0.00701   0.00000   0.00302   0.00265   1.86734   0.62498   2.88393   0.10448   1.12312   4.81971  