# Alignment length: 287
# Number of sequences in the alignment: 125
site	A	C	D	E	F	G	H	I	K	L	M	N	P	Q	R	S	T	V	W	Y
39	0.0560	0.0000	0.0640	0.0880	0.0000	0.0160	0.0080	0.0000	0.1200	0.0000	0.0000	0.0400	0.0000	0.2080	0.2320	0.1200	0.0400	0.0000	0.0000	0.0080
40	0.1280	0.0000	0.0000	0.0000	0.1680	0.0000	0.0480	0.0320	0.0000	0.1680	0.0080	0.0000	0.0000	0.0000	0.0000	0.2240	0.0960	0.0400	0.0000	0.0880
41	0.0320	0.0000	0.1920	0.0160	0.0000	0.5360	0.0080	0.0000	0.0240	0.0000	0.0000	0.0640	0.0000	0.0400	0.0160	0.0640	0.0080	0.0000	0.0000	0.0000
42	0.3680	0.0000	0.0000	0.0000	0.0000	0.6000	0.0000	0.0000	0.0000	0.0000	0.0000	0.0000	0.0000	0.0000	0.0000	0.0160	0.0000	0.0160	0.0000	0.0000
43	0.0000	0.0000	0.0000	0.0000	0.0000	0.0000	0.0080	0.0000	0.0640	0.0080	0.0000	0.0080	0.0000	0.0080	0.9040	0.0000	0.0000	0.0000	0.0000	0.0000
44	0.0000	0.0000	0.0000	0.0000	0.0000	0.0000	0.0000	0.0800	0.0000	0.7920	0.0080	0.0000	0.0000	0.0000	0.0000	0.0000	0.0000	0.1200	0.0000	0.0000
45	0.0000	0.0000	0.0000	0.0000	0.0000	0.9920	0.0000	0.0000	0.0000	0.0000	0.0000	0.0000	0.0000	0.0000	0.0000	0.0080	0.0000	0.0000	0.0000	0.0000
46	0.0160	0.0000	0.0000	0.0000	0.0480	0.0000	0.0000	0.0800	0.0000	0.0400	0.0240	0.0000	0.0000	0.0000	0.0000	0.0000	0.0000	0.7360	0.0000	0.0560
47	0.3680	0.0800	0.0000	0.0000	0.0640	0.0080	0.0160	0.0320	0.0000	0.0000	0.0160	0.0000	0.0000	0.0080	0.0000	0.0800	0.0480	0.0640	0.0000	0.2160
48	0.4000	0.0000	0.0000	0.0880	0.0000	0.0160	0.0000	0.0480	0.0000	0.1920	0.0320	0.0000	0.0000	0.0000	0.0000	0.0000	0.0000	0.2240	0.0000	0.0000
49	0.0000	0.0000	0.0000	0.0000	0.0320	0.0000	0.0240	0.3600	0.0000	0.4080	0.0400	0.0000	0.0000	0.0080	0.0240	0.0000	0.0160	0.0400	0.0240	0.0240
50	0.0000	0.0000	0.8000	0.0000	0.0000	0.0000	0.0160	0.0000	0.0000	0.0000	0.0000	0.1840	0.0000	0.0000	0.0000	0.0000	0.0000	0.0000	0.0000	0.0000
51	0.0160	0.0000	0.0000	0.0000	0.0080	0.0000	0.0000	0.0240	0.0000	0.1120	0.0160	0.0000	0.0000	0.0000	0.0080	0.0480	0.7600	0.0080	0.0000	0.0000
52	0.3440	0.0000	0.0320	0.1280	0.0000	0.3040	0.0160	0.0000	0.0080	0.0080	0.0000	0.0160	0.0000	0.0560	0.0240	0.0320	0.0240	0.0080	0.0000	0.0000
53	0.0080	0.0000	0.1360	0.0000	0.0000	0.0160	0.0000	0.0000	0.0080	0.0000	0.0000	0.0880	0.0000	0.0000	0.0000	0.3200	0.4240	0.0000	0.0000	0.0000
54	0.0240	0.0000	0.0800	0.0080	0.0000	0.5360	0.0000	0.0000	0.0160	0.0000	0.0080	0.2640	0.0000	0.0000	0.0080	0.0560	0.0000	0.0000	0.0000	0.0000
55	0.1040	0.0000	0.0000	0.0400	0.0000	0.0000	0.0160	0.0560	0.1040	0.0160	0.0080	0.0000	0.0000	0.1760	0.2960	0.1040	0.0560	0.0000	0.0240	0.0000
56	0.0320	0.0080	0.0000	0.0320	0.0000	0.0000	0.0320	0.0640	0.0480	0.0560	0.0160	0.0080	0.0000	0.1680	0.1760	0.0800	0.2320	0.0400	0.0000	0.0080
57	0.0400	0.0000	0.0080	0.0000	0.0960	0.0000	0.0080	0.2800	0.0000	0.1520	0.0080	0.0000	0.0000	0.0080	0.0080	0.0000	0.0160	0.2640	0.1040	0.0080
59	0.2240	0.0000	0.0240	0.0640	0.0000	0.1840	0.0080	0.0000	0.0000	0.1280	0.0000	0.0080	0.0000	0.0800	0.0160	0.1440	0.1120	0.0080	0.0000	0.0000
60	0.0000	0.0000	0.0000	0.0000	0.0160	0.0000	0.2560	0.0000	0.0000	0.0000	0.0000	0.0000	0.0000	0.0160	0.0160	0.0080	0.0000	0.0000	0.0560	0.6320
61	0.0000	0.0080	0.0000	0.0000	0.0000	0.0000	0.0320	0.0000	0.0080	0.0000	0.0000	0.0240	0.0000	0.0080	0.9200	0.0000	0.0000	0.0000	0.0000	0.0000
62	0.3760	0.0000	0.0000	0.0480	0.0000	0.2720	0.0000	0.0000	0.0080	0.0320	0.0160	0.0000	0.1520	0.0080	0.0080	0.0640	0.0080	0.0080	0.0000	0.0000
63	0.0320	0.0000	0.5840	0.0800	0.0000	0.0400	0.0160	0.0000	0.0000	0.0080	0.0000	0.1360	0.0000	0.0240	0.0000	0.0400	0.0400	0.0000	0.0000	0.0000
64	0.0080	0.0000	0.0240	0.8880	0.0000	0.0000	0.0000	0.0000	0.0160	0.0000	0.0000	0.0000	0.0000	0.0560	0.0080	0.0000	0.0000	0.0000	0.0000	0.0000
65	0.0320	0.0080	0.0000	0.0000	0.0000	0.0000	0.0000	0.0000	0.0000	0.0080	0.0000	0.0000	0.0080	0.0000	0.9440	0.0000	0.0000	0.0000	0.0000	0.0000
66	0.0000	0.0000	0.0000	0.0000	1.0000	0.0000	0.0000	0.0000	0.0000	0.0000	0.0000	0.0000	0.0000	0.0000	0.0000	0.0000	0.0000	0.0000	0.0000	0.0000
67	0.3840	0.0000	0.0000	0.0000	0.0000	0.0080	0.0000	0.0000	0.0000	0.0240	0.0000	0.0000	0.5760	0.0000	0.0000	0.0000	0.0080	0.0000	0.0000	0.0000
68	0.0000	0.0000	0.0000	0.0000	0.2400	0.0000	0.0000	0.0000	0.0000	0.1520	0.4720	0.0000	0.0000	0.0000	0.0000	0.0000	0.0000	0.0080	0.0000	0.1280
69	0.2400	0.5920	0.0000	0.0000	0.0000	0.0000	0.0000	0.0000	0.0000	0.0000	0.1040	0.0160	0.0000	0.0000	0.0000	0.0320	0.0080	0.0080	0.0000	0.0000
70	0.0000	0.0000	0.0000	0.0000	0.0000	0.0000	0.0000	0.0000	0.0000	0.0000	0.0000	0.0000	0.0000	0.0000	0.0000	1.0000	0.0000	0.0000	0.0000	0.0000
71	0.0080	0.0000	0.0000	0.0000	0.0000	0.0000	0.0000	0.0000	0.0000	0.0000	0.0000	0.0000	0.0000	0.0000	0.0000	0.0080	0.9840	0.0000	0.0000	0.0000
72	0.0000	0.0000	0.0000	0.0000	0.7040	0.0080	0.0480	0.0080	0.0000	0.0000	0.0000	0.0000	0.0000	0.0000	0.0000	0.1440	0.0000	0.0000	0.0000	0.0880
73	0.0000	0.0000	0.0000	0.0000	0.0000	0.0000	0.0000	0.0000	1.0000	0.0000	0.0000	0.0000	0.0000	0.0000	0.0000	0.0000	0.0000	0.0000	0.0000	0.0000
74	0.3120	0.0000	0.0000	0.0000	0.0960	0.0160	0.0000	0.0000	0.0000	0.0800	0.0160	0.0000	0.0240	0.0000	0.0000	0.0320	0.0880	0.3360	0.0000	0.0000
75	0.0000	0.0000	0.0000	0.0000	0.0240	0.0000	0.0000	0.0720	0.0000	0.5680	0.2800	0.0000	0.0080	0.0000	0.0000	0.0000	0.0000	0.0480	0.0000	0.0000
76	0.5760	0.0000	0.0000	0.0000	0.0000	0.0000	0.0000	0.0160	0.0000	0.3520	0.0080	0.0000	0.0000	0.0000	0.0000	0.0000	0.0160	0.0320	0.0000	0.0000
77	0.5040	0.2240	0.0000	0.0000	0.0000	0.0320	0.0000	0.0080	0.0000	0.0000	0.0000	0.0000	0.0000	0.0000	0.0000	0.0560	0.0080	0.1680	0.0000	0.0000
78	0.5600	0.0000	0.0000	0.0000	0.0000	0.4000	0.0000	0.0000	0.0000	0.0000	0.0000	0.0000	0.0000	0.0000	0.0000	0.0400	0.0000	0.0000	0.0000	0.0000
79	0.7680	0.0160	0.0000	0.0000	0.0400	0.0000	0.0080	0.0160	0.0080	0.0320	0.0080	0.0080	0.0000	0.0080	0.0000	0.0160	0.0160	0.0560	0.0000	0.0000
80	0.0320	0.0000	0.0000	0.0000	0.0080	0.0000	0.0000	0.1040	0.0000	0.2080	0.0160	0.0000	0.0000	0.0000	0.0000	0.0000	0.0080	0.6240	0.0000	0.0000
81	0.0000	0.0000	0.0000	0.0000	0.0000	0.0000	0.0000	0.0000	0.0000	1.0000	0.0000	0.0000	0.0000	0.0000	0.0000	0.0000	0.0000	0.0000	0.0000	0.0000
82	0.2960	0.0000	0.0240	0.0240	0.0000	0.0240	0.0480	0.0000	0.2080	0.0000	0.0000	0.0080	0.0000	0.2000	0.0800	0.0720	0.0000	0.0080	0.0000	0.0080
83	0.0000	0.0000	0.0480	0.0320	0.0000	0.0240	0.0080	0.0000	0.1360	0.0080	0.0000	0.0080	0.0000	0.2880	0.4320	0.0160	0.0000	0.0000	0.0000	0.0000
86	0.1760	0.0000	0.0400	0.0480	0.0000	0.0400	0.0160	0.0000	0.1520	0.0320	0.0000	0.0800	0.0000	0.1120	0.0800	0.1200	0.0960	0.0000	0.0000	0.0080
87	0.0160	0.0000	0.0880	0.0480	0.0000	0.3840	0.0240	0.0000	0.0240	0.0000	0.0000	0.0320	0.0240	0.1200	0.0480	0.1840	0.0080	0.0000	0.0000	0.0000
88	0.0480	0.0080	0.0560	0.1040	0.0000	0.0320	0.0240	0.1120	0.1440	0.0640	0.0080	0.0240	0.1920	0.0640	0.0240	0.0320	0.0560	0.0080	0.0000	0.0000
89	0.0960	0.0000	0.0880	0.5120	0.0000	0.1440	0.0160	0.0000	0.0240	0.0400	0.0000	0.0400	0.0000	0.0080	0.0080	0.0000	0.0080	0.0160	0.0000	0.0000
90	0.0320	0.0000	0.0800	0.0320	0.0080	0.0000	0.0000	0.0240	0.0800	0.2880	0.0080	0.0640	0.0080	0.1360	0.0800	0.0800	0.0240	0.0320	0.0080	0.0160
91	0.0000	0.0000	0.0000	0.0000	0.0160	0.0000	0.0000	0.0080	0.0160	0.9120	0.0240	0.0000	0.0080	0.0000	0.0000	0.0000	0.0000	0.0160	0.0000	0.0000
92	0.0640	0.0000	0.3760	0.0960	0.0000	0.0240	0.0000	0.0000	0.0160	0.0000	0.0000	0.2000	0.0000	0.1200	0.0080	0.0720	0.0240	0.0000	0.0000	0.0000
93	0.0320	0.0000	0.0160	0.1200	0.0000	0.0000	0.0000	0.0000	0.1440	0.0000	0.0000	0.0000	0.0000	0.2400	0.4080	0.0320	0.0080	0.0000	0.0000	0.0000
94	0.0000	0.0000	0.0000	0.0000	0.0000	0.0000	0.0640	0.0160	0.0800	0.0240	0.0000	0.0080	0.0240	0.0000	0.5760	0.0000	0.0400	0.1440	0.0240	0.0000
95	0.0160	0.0000	0.0000	0.0000	0.0000	0.0000	0.0000	0.5280	0.0000	0.0560	0.0240	0.0000	0.0000	0.0000	0.0000	0.0000	0.0080	0.3680	0.0000	0.0000
96	0.0400	0.0000	0.0080	0.0800	0.0080	0.0000	0.1280	0.0240	0.0960	0.0080	0.0000	0.0400	0.0720	0.0000	0.1120	0.0640	0.2720	0.0320	0.0000	0.0160
97	0.0000	0.0000	0.0000	0.0000	0.0880	0.0000	0.0000	0.1840	0.0000	0.0080	0.0000	0.0000	0.0000	0.0000	0.0000	0.0000	0.0000	0.0480	0.0080	0.6640
98	0.0800	0.0000	0.0160	0.0160	0.0000	0.1200	0.0640	0.0000	0.1280	0.0000	0.0000	0.0320	0.0160	0.0240	0.0880	0.1440	0.2720	0.0000	0.0000	0.0000
99	0.0720	0.0000	0.0000	0.1440	0.0000	0.0000	0.0080	0.0000	0.4000	0.0080	0.0000	0.0080	0.0480	0.1360	0.1200	0.0480	0.0080	0.0000	0.0000	0.0000
100	0.2240	0.0000	0.1520	0.1360	0.0000	0.0320	0.0240	0.0000	0.0560	0.0000	0.0000	0.0160	0.0000	0.0800	0.0560	0.2160	0.0080	0.0000	0.0000	0.0000
101	0.0080	0.0000	0.8560	0.0400	0.0000	0.0000	0.0000	0.0000	0.0320	0.0000	0.0000	0.0240	0.0000	0.0000	0.0000	0.0080	0.0000	0.0320	0.0000	0.0000
102	0.0000	0.0000	0.0000	0.0000	0.0000	0.0000	0.0000	0.0720	0.0000	0.8640	0.0160	0.0000	0.0000	0.0000	0.0000	0.0000	0.0000	0.0480	0.0000	0.0000
103	0.0000	0.0000	0.0080	0.0000	0.0000	0.0000	0.0000	0.0320	0.0000	0.1440	0.0000	0.0000	0.0080	0.0000	0.0000	0.0160	0.0320	0.7600	0.0000	0.0000
104	0.0720	0.0000	0.1200	0.0880	0.0000	0.0000	0.0000	0.0000	0.0080	0.0000	0.0000	0.2160	0.0960	0.0000	0.0160	0.1520	0.1920	0.0400	0.0000	0.0000
105	0.0000	0.0000	0.0000	0.0000	0.0000	0.0080	0.0560	0.0000	0.0000	0.0000	0.0000	0.0240	0.0000	0.0000	0.0000	0.0080	0.0000	0.0000	0.0800	0.8240
106	0.1280	0.0000	0.0000	0.0000	0.0000	0.0000	0.0000	0.0000	0.0000	0.0000	0.0000	0.1680	0.0000	0.0000	0.0000	0.7040	0.0000	0.0000	0.0000	0.0000
107	0.0000	0.0000	0.0000	0.0000	0.0000	0.0000	0.0000	0.0000	0.0000	0.0000	0.0000	0.0000	1.0000	0.0000	0.0000	0.0000	0.0000	0.0000	0.0000	0.0000
108	0.0400	0.0000	0.0000	0.0400	0.0240	0.0000	0.0000	0.3680	0.0000	0.0320	0.0080	0.0000	0.0000	0.0000	0.0160	0.0000	0.0240	0.4480	0.0000	0.0000
109	0.0800	0.0000	0.0000	0.0000	0.0000	0.0000	0.0000	0.0000	0.0000	0.0080	0.0160	0.0000	0.0000	0.0000	0.0000	0.1200	0.7760	0.0000	0.0000	0.0000
110	0.0000	0.0000	0.0160	0.7440	0.0000	0.0720	0.0080	0.0000	0.0720	0.0000	0.0000	0.0000	0.0000	0.0080	0.0720	0.0080	0.0000	0.0000	0.0000	0.0000
111	0.0080	0.0000	0.0160	0.0160	0.0000	0.0080	0.0000	0.0000	0.7440	0.0000	0.0000	0.0240	0.0160	0.0560	0.0320	0.0080	0.0720	0.0000	0.0000	0.0000
112	0.0080	0.0000	0.0000	0.0080	0.0000	0.0000	0.6880	0.0000	0.0080	0.0240	0.0000	0.0880	0.0000	0.0080	0.0880	0.0000	0.0000	0.0000	0.0000	0.0800
113	0.1200	0.0000	0.0000	0.0000	0.0000	0.0080	0.0000	0.0480	0.0000	0.2640	0.0000	0.0000	0.0000	0.0160	0.0000	0.0000	0.0160	0.5280	0.0000	0.0000
114	0.1680	0.0000	0.2560	0.0640	0.0000	0.3520	0.0080	0.0000	0.0160	0.0000	0.0000	0.0560	0.0000	0.0240	0.0000	0.0080	0.0320	0.0160	0.0000	0.0000
115	0.0880	0.0000	0.1360	0.0240	0.0000	0.1520	0.0320	0.0000	0.0720	0.0000	0.0000	0.0240	0.0160	0.0560	0.0320	0.0640	0.3040	0.0000	0.0000	0.0000
116	0.0080	0.0000	0.0160	0.0240	0.0000	0.8160	0.0000	0.0000	0.0000	0.0000	0.0000	0.0000	0.0320	0.0000	0.0000	0.0320	0.0640	0.0000	0.0000	0.0080
117	0.0000	0.0000	0.0000	0.0000	0.0000	0.0000	0.0000	0.0240	0.0000	0.0640	0.8720	0.0000	0.0240	0.0000	0.0000	0.0000	0.0160	0.0000	0.0000	0.0000
118	0.0080	0.0000	0.0000	0.0000	0.0000	0.0000	0.0000	0.0000	0.0160	0.0000	0.0000	0.0000	0.0000	0.0000	0.0480	0.1360	0.7920	0.0000	0.0000	0.0000
119	0.0000	0.0000	0.0000	0.0000	0.0080	0.0000	0.0000	0.1440	0.0000	0.3760	0.0240	0.0000	0.0000	0.0000	0.0000	0.0000	0.0000	0.4400	0.0000	0.0080
120	0.4560	0.0000	0.0080	0.0720	0.0080	0.1600	0.0000	0.0000	0.0800	0.0160	0.0000	0.0000	0.0000	0.0080	0.0880	0.0800	0.0240	0.0000	0.0000	0.0000
121	0.0560	0.0000	0.0480	0.7680	0.0000	0.0000	0.0160	0.0000	0.0000	0.0000	0.0000	0.0000	0.0000	0.1040	0.0000	0.0080	0.0000	0.0000	0.0000	0.0000
122	0.0320	0.0000	0.0000	0.0000	0.0080	0.0000	0.0000	0.1120	0.0000	0.8320	0.0080	0.0000	0.0000	0.0000	0.0000	0.0000	0.0000	0.0080	0.0000	0.0000
123	0.1040	0.7200	0.0000	0.0000	0.0000	0.0080	0.0000	0.0000	0.0000	0.0000	0.0080	0.0000	0.0000	0.0000	0.0000	0.1600	0.0000	0.0000	0.0000	0.0000
124	0.3840	0.0000	0.1360	0.3440	0.0160	0.0000	0.0160	0.0000	0.0160	0.0080	0.0000	0.0160	0.0000	0.0160	0.0080	0.0320	0.0080	0.0000	0.0000	0.0000
125	1.0000	0.0000	0.0000	0.0000	0.0000	0.0000	0.0000	0.0000	0.0000	0.0000	0.0000	0.0000	0.0000	0.0000	0.0000	0.0000	0.0000	0.0000	0.0000	0.0000
126	0.6560	0.0000	0.0000	0.0000	0.0000	0.0080	0.0000	0.0000	0.0000	0.0000	0.0000	0.0000	0.0000	0.0000	0.0000	0.0800	0.2560	0.0000	0.0000	0.0000
127	0.0160	0.0000	0.0000	0.0000	0.0000	0.0000	0.0000	0.4080	0.0000	0.2560	0.1120	0.0000	0.0000	0.0000	0.0000	0.0000	0.0080	0.2000	0.0000	0.0000
128	0.0000	0.0000	0.0160	0.0160	0.0000	0.0080	0.0000	0.0000	0.0000	0.0240	0.0000	0.0000	0.0000	0.3520	0.2080	0.0160	0.3440	0.0160	0.0000	0.0000
129	0.0000	0.0000	0.0000	0.0080	0.0320	0.0000	0.0000	0.0240	0.0240	0.1760	0.0880	0.0000	0.0000	0.0000	0.0160	0.0160	0.0400	0.0720	0.0000	0.5040
130	0.0000	0.0000	0.0000	0.0000	0.0000	0.0080	0.0000	0.0000	0.0000	0.0000	0.0000	0.0000	0.0000	0.0000	0.0000	0.9920	0.0000	0.0000	0.0000	0.0000
131	0.0000	0.0000	1.0000	0.0000	0.0000	0.0000	0.0000	0.0000	0.0000	0.0000	0.0000	0.0000	0.0000	0.0000	0.0000	0.0000	0.0000	0.0000	0.0000	0.0000
132	0.0000	0.0000	0.0000	0.0000	0.0000	0.0000	0.0000	0.0000	0.0000	0.0000	0.0000	0.9840	0.0000	0.0000	0.0000	0.0160	0.0000	0.0000	0.0000	0.0000
133	0.0640	0.0000	0.0000	0.0000	0.0000	0.0160	0.0000	0.0000	0.0000	0.0000	0.0000	0.0000	0.0000	0.0000	0.0000	0.0960	0.7840	0.0400	0.0000	0.0000
134	1.0000	0.0000	0.0000	0.0000	0.0000	0.0000	0.0000	0.0000	0.0000	0.0000	0.0000	0.0000	0.0000	0.0000	0.0000	0.0000	0.0000	0.0000	0.0000	0.0000
135	0.5200	0.0000	0.0000	0.0000	0.0000	0.2880	0.0160	0.0000	0.0000	0.0000	0.1280	0.0000	0.0000	0.0320	0.0000	0.0000	0.0080	0.0080	0.0000	0.0000
136	0.0000	0.0000	0.0000	0.0000	0.0000	0.0000	0.0000	0.0000	0.0000	0.0000	0.0000	1.0000	0.0000	0.0000	0.0000	0.0000	0.0000	0.0000	0.0000	0.0000
137	0.0080	0.0000	0.0000	0.0080	0.0160	0.0000	0.0000	0.0800	0.1120	0.7280	0.0080	0.0000	0.0000	0.0240	0.0000	0.0000	0.0000	0.0160	0.0000	0.0000
138	0.0160	0.0000	0.0000	0.0000	0.0000	0.0000	0.0000	0.1440	0.0000	0.7280	0.0480	0.0000	0.0000	0.0000	0.0000	0.0000	0.0000	0.0640	0.0000	0.0000
139	0.0000	0.0000	0.0000	0.0000	0.0560	0.0000	0.0000	0.1920	0.0000	0.6320	0.1200	0.0000	0.0000	0.0000	0.0000	0.0000	0.0000	0.0000	0.0000	0.0000
140	0.1520	0.0000	0.0640	0.1120	0.0000	0.0320	0.0480	0.0000	0.2800	0.0000	0.0000	0.0560	0.0240	0.0720	0.0560	0.0480	0.0560	0.0000	0.0000	0.0000
141	0.0880	0.0000	0.0000	0.1360	0.0000	0.0160	0.0720	0.0240	0.0480	0.1200	0.0080	0.0000	0.0000	0.1360	0.0880	0.1440	0.0800	0.0080	0.0000	0.0320
142	0.0000	0.0000	0.0000	0.0000	0.0880	0.0000	0.0000	0.2560	0.0000	0.5120	0.0160	0.0000	0.0000	0.0160	0.0000	0.0000	0.0000	0.1120	0.0000	0.0000
143	0.0000	0.0000	0.0240	0.0000	0.0000	0.9600	0.0000	0.0000	0.0000	0.0000	0.0000	0.0080	0.0000	0.0000	0.0000	0.0000	0.0000	0.0080	0.0000	0.0000
144	0.0000	0.0000	0.0400	0.0000	0.0000	0.9600	0.0000	0.0000	0.0000	0.0000	0.0000	0.0000	0.0000	0.0000	0.0000	0.0000	0.0000	0.0000	0.0000	0.0000
145	0.0000	0.0000	0.0000	0.0000	0.0000	0.0000	0.0000	0.0000	0.0000	0.0240	0.0000	0.0000	0.9280	0.0000	0.0000	0.0000	0.0160	0.0320	0.0000	0.0000
146	0.2880	0.0000	0.0560	0.0960	0.0000	0.0400	0.0080	0.0000	0.1600	0.0080	0.0000	0.0160	0.0320	0.1600	0.0160	0.1200	0.0000	0.0000	0.0000	0.0000
147	0.2720	0.0000	0.0000	0.0560	0.0000	0.4720	0.0000	0.0000	0.0800	0.0000	0.0080	0.0160	0.0000	0.0400	0.0080	0.0400	0.0080	0.0000	0.0000	0.0000
148	0.0160	0.0000	0.0000	0.0000	0.1680	0.0000	0.0000	0.0240	0.0000	0.3200	0.0000	0.0000	0.0000	0.0000	0.0000	0.0000	0.0000	0.4320	0.0000	0.0400
149	0.0000	0.0000	0.0000	0.1120	0.0000	0.0000	0.0000	0.0000	0.0640	0.0000	0.0000	0.0640	0.0000	0.0160	0.0080	0.0000	0.7360	0.0000	0.0000	0.0000
150	0.4960	0.0000	0.0480	0.0560	0.0000	0.0080	0.0320	0.0000	0.1280	0.0080	0.0080	0.0080	0.0000	0.0560	0.0720	0.0480	0.0320	0.0000	0.0000	0.0000
151	0.0960	0.0000	0.0000	0.0080	0.5440	0.0080	0.0000	0.0320	0.0000	0.0080	0.0000	0.0000	0.0000	0.0000	0.0000	0.0560	0.0000	0.0080	0.0720	0.1680
152	0.4080	0.0160	0.0000	0.0000	0.0000	0.0000	0.0000	0.0000	0.0000	0.4720	0.0160	0.0000	0.0000	0.0000	0.0000	0.0000	0.0160	0.0640	0.0000	0.0080
153	0.0000	0.0000	0.0000	0.0080	0.0000	0.0000	0.0160	0.0000	0.0480	0.0000	0.0000	0.0160	0.0000	0.0240	0.8880	0.0000	0.0000	0.0000	0.0000	0.0000
154	0.0560	0.0000	0.0080	0.0560	0.0000	0.0560	0.0240	0.0000	0.0720	0.0000	0.0000	0.0160	0.0000	0.1280	0.0240	0.4640	0.0960	0.0000	0.0000	0.0000
155	0.0080	0.0000	0.0000	0.0000	0.0000	0.0000	0.0000	0.5360	0.0000	0.3040	0.0720	0.0000	0.0000	0.0000	0.0000	0.0240	0.0400	0.0160	0.0000	0.0000
156	0.0000	0.0000	0.0160	0.0000	0.0000	0.9760	0.0000	0.0000	0.0000	0.0000	0.0000	0.0080	0.0000	0.0000	0.0000	0.0000	0.0000	0.0000	0.0000	0.0000
157	0.0000	0.0000	1.0000	0.0000	0.0000	0.0000	0.0000	0.0000	0.0000	0.0000	0.0000	0.0000	0.0000	0.0000	0.0000	0.0000	0.0000	0.0000	0.0000	0.0000
158	0.0800	0.0000	0.1280	0.1120	0.0000	0.0480	0.0480	0.0000	0.0720	0.0000	0.0000	0.1040	0.0320	0.0960	0.0720	0.0320	0.1600	0.0160	0.0000	0.0000
159	0.0400	0.0000	0.0160	0.0160	0.0080	0.0000	0.0160	0.0160	0.0080	0.0320	0.0320	0.0000	0.0000	0.0240	0.0000	0.0080	0.3760	0.4000	0.0000	0.0080
160	0.0000	0.0000	0.0000	0.0000	0.3360	0.0000	0.0000	0.0000	0.0000	0.0000	0.0000	0.0000	0.0000	0.0000	0.0000	0.0480	0.6080	0.0000	0.0000	0.0080
161	0.0000	0.0000	0.0000	0.0160	0.0000	0.0000	0.0080	0.0000	0.0400	0.0080	0.0320	0.0560	0.0000	0.0320	0.7920	0.0000	0.0160	0.0000	0.0000	0.0000
162	0.0320	0.0000	0.0000	0.0000	0.0000	0.0000	0.0000	0.0240	0.0000	0.7760	0.0000	0.0000	0.0960	0.0000	0.0000	0.0640	0.0080	0.0000	0.0000	0.0000
163	0.0160	0.0000	0.8400	0.1120	0.0000	0.0000	0.0000	0.0000	0.0080	0.0000	0.0000	0.0160	0.0000	0.0000	0.0000	0.0000	0.0000	0.0080	0.0000	0.0000
164	0.0000	0.0000	0.0000	0.0000	0.0000	0.0000	0.0160	0.0000	0.0000	0.0000	0.0000	0.0000	0.0000	0.0000	0.9840	0.0000	0.0000	0.0000	0.0000	0.0000
165	0.0000	0.0000	0.0000	0.0000	0.1520	0.0000	0.0160	0.0880	0.0400	0.0560	0.0240	0.0400	0.0000	0.0080	0.0640	0.0000	0.1520	0.0080	0.3040	0.0480
166	0.0000	0.0000	0.0000	1.0000	0.0000	0.0000	0.0000	0.0000	0.0000	0.0000	0.0000	0.0000	0.0000	0.0000	0.0000	0.0000	0.0000	0.0000	0.0000	0.0000
167	0.0000	0.0000	0.0000	0.0000	0.0000	0.0000	0.0000	0.0000	0.0000	0.0080	0.0000	0.0000	0.5680	0.0000	0.0000	0.0080	0.4160	0.0000	0.0000	0.0000
168	0.0960	0.0000	0.2000	0.5200	0.0000	0.0080	0.0000	0.0000	0.0160	0.0000	0.0000	0.0000	0.0000	0.0000	0.0160	0.0240	0.1200	0.0000	0.0000	0.0000
169	0.0080	0.0000	0.0000	0.0000	0.0000	0.0000	0.0000	0.0000	0.0000	0.9760	0.0080	0.0000	0.0000	0.0000	0.0000	0.0000	0.0000	0.0080	0.0000	0.0000
170	0.0000	0.0000	0.0000	0.0000	0.0000	0.0000	0.0000	0.0000	0.0000	0.0000	0.0000	0.9920	0.0000	0.0000	0.0000	0.0080	0.0000	0.0000	0.0000	0.0000
171	0.0080	0.0000	0.0320	0.4640	0.0000	0.0000	0.0080	0.0080	0.0000	0.0000	0.0000	0.0000	0.0000	0.0480	0.0000	0.1120	0.3120	0.0080	0.0000	0.0000
172	0.8000	0.0080	0.0000	0.0000	0.0240	0.0560	0.0000	0.0000	0.0000	0.0000	0.0000	0.0000	0.0000	0.0000	0.0000	0.0080	0.0000	0.0960	0.0000	0.0080
173	0.0240	0.0000	0.0000	0.0160	0.0000	0.0000	0.0160	0.3920	0.0640	0.1920	0.0000	0.0240	0.0240	0.0240	0.0560	0.0080	0.0880	0.0720	0.0000	0.0000
174	0.0160	0.0000	0.0000	0.0000	0.0080	0.0000	0.0080	0.0000	0.0480	0.0080	0.0000	0.0000	0.9120	0.0000	0.0000	0.0000	0.0000	0.0000	0.0000	0.0000
175	0.0000	0.0000	0.0320	0.0080	0.0000	0.8880	0.0080	0.0000	0.0000	0.0000	0.0000	0.0640	0.0000	0.0000	0.0000	0.0000	0.0000	0.0000	0.0000	0.0000
176	0.0000	0.0000	0.9120	0.0720	0.0000	0.0000	0.0000	0.0000	0.0000	0.0000	0.0000	0.0160	0.0000	0.0000	0.0000	0.0000	0.0000	0.0000	0.0000	0.0000
177	0.0560	0.0000	0.0080	0.1360	0.0000	0.0000	0.0080	0.0800	0.0800	0.0560	0.0000	0.0400	0.4000	0.0000	0.0080	0.0080	0.0720	0.0480	0.0000	0.0000
178	0.0000	0.0000	0.0000	0.0000	0.0000	0.0080	0.0480	0.0000	0.0000	0.0000	0.0000	0.0000	0.0000	0.0240	0.9200	0.0000	0.0000	0.0000	0.0000	0.0000
179	0.0000	0.0000	1.0000	0.0000	0.0000	0.0000	0.0000	0.0000	0.0000	0.0000	0.0000	0.0000	0.0000	0.0000	0.0000	0.0000	0.0000	0.0000	0.0000	0.0000
180	0.0000	0.0000	0.0000	0.0000	0.0000	0.0000	0.0000	0.0000	0.0000	0.0000	0.0000	0.0000	0.0000	0.0000	0.0000	0.0080	0.9920	0.0000	0.0000	0.0000
181	0.0000	0.0000	0.0000	0.0000	0.0000	0.0000	0.0000	0.0000	0.0000	0.0000	0.0000	0.0000	0.0000	0.0000	0.0000	0.2800	0.7200	0.0000	0.0000	0.0000
182	0.0000	0.0080	0.0000	0.0000	0.0000	0.0000	0.0000	0.0000	0.0000	0.0000	0.0160	0.0080	0.0000	0.0000	0.0000	0.1440	0.8240	0.0000	0.0000	0.0000
183	0.0720	0.0000	0.0000	0.0000	0.0000	0.0000	0.0000	0.0000	0.0000	0.0000	0.0000	0.0000	0.9280	0.0000	0.0000	0.0000	0.0000	0.0000	0.0000	0.0000
184	0.3840	0.0000	0.0480	0.0720	0.0000	0.0000	0.0080	0.0160	0.1440	0.0720	0.0000	0.0480	0.0000	0.0320	0.1360	0.0320	0.0000	0.0080	0.0000	0.0000
185	0.9040	0.0000	0.0000	0.0000	0.0000	0.0000	0.0000	0.0080	0.0000	0.0000	0.0000	0.0080	0.0000	0.0240	0.0080	0.0400	0.0080	0.0000	0.0000	0.0000
186	0.0080	0.0000	0.0000	0.0000	0.0000	0.0000	0.0000	0.0800	0.0000	0.1440	0.7520	0.0000	0.0000	0.0000	0.0000	0.0000	0.0000	0.0160	0.0000	0.0000
187	0.7520	0.0000	0.0000	0.0000	0.0000	0.0080	0.0000	0.0000	0.0000	0.0880	0.0080	0.0000	0.0000	0.0000	0.0000	0.0080	0.0240	0.1120	0.0000	0.0000
188	0.2960	0.0000	0.0640	0.0640	0.0000	0.0240	0.0320	0.0160	0.0640	0.0080	0.0160	0.0320	0.0000	0.0960	0.0640	0.0480	0.1760	0.0000	0.0000	0.0000
189	0.0160	0.0000	0.1360	0.0000	0.0000	0.0080	0.0000	0.0080	0.0000	0.0240	0.0000	0.1040	0.0000	0.0000	0.0000	0.3920	0.3120	0.0000	0.0000	0.0000
190	0.0000	0.0000	0.0000	0.0000	0.0000	0.0000	0.0000	0.0240	0.0000	0.7840	0.0880	0.0000	0.0000	0.0000	0.0000	0.0000	0.0000	0.0640	0.0080	0.0320
191	0.0080	0.0000	0.0080	0.0640	0.0000	0.0560	0.0400	0.0000	0.1280	0.0000	0.0000	0.0800	0.0000	0.2560	0.3520	0.0000	0.0000	0.0000	0.0080	0.0000
192	0.2560	0.0000	0.0160	0.0240	0.0000	0.0000	0.0080	0.0000	0.2480	0.0080	0.0000	0.1120	0.0000	0.0560	0.1360	0.0160	0.0800	0.0400	0.0000	0.0000
193	0.0000	0.0000	0.0000	0.0000	0.1200	0.0000	0.0000	0.0320	0.0000	0.6960	0.0080	0.0000	0.0000	0.0000	0.0000	0.0000	0.0080	0.0720	0.0000	0.0640
194	0.1440	0.0000	0.0000	0.0000	0.0160	0.0080	0.0000	0.0080	0.0000	0.2320	0.0480	0.0000	0.0000	0.0000	0.0000	0.0000	0.3440	0.2000	0.0000	0.0000
195	0.0080	0.0000	0.0000	0.0160	0.0400	0.0000	0.0000	0.0320	0.0000	0.6560	0.0000	0.0080	0.0000	0.0080	0.0000	0.0000	0.0960	0.1360	0.0000	0.0000
196	0.0080	0.0080	0.0480	0.0240	0.0000	0.8720	0.0000	0.0000	0.0000	0.0000	0.0000	0.0080	0.0000	0.0080	0.0000	0.0240	0.0000	0.0000	0.0000	0.0000
197	0.0000	0.0000	0.4400	0.0640	0.0000	0.0240	0.0240	0.0000	0.0800	0.0000	0.0000	0.1760	0.0000	0.0320	0.0240	0.0880	0.0480	0.0000	0.0000	0.0000
198	0.5520	0.0000	0.0000	0.0080	0.0160	0.0560	0.0080	0.0480	0.0080	0.0160	0.0080	0.0000	0.0080	0.0000	0.0320	0.0080	0.0640	0.1680	0.0000	0.0000
199	0.0000	0.0000	0.0000	0.0000	0.0000	0.0000	0.0000	0.0000	0.0000	1.0000	0.0000	0.0000	0.0000	0.0000	0.0000	0.0000	0.0000	0.0000	0.0000	0.0000
200	0.1360	0.0080	0.0160	0.0000	0.0000	0.1200	0.0080	0.0000	0.0080	0.0000	0.0000	0.0000	0.2160	0.0160	0.0400	0.3120	0.1200	0.0000	0.0000	0.0000
201	0.2160	0.0000	0.0480	0.2160	0.0000	0.0400	0.0080	0.0160	0.0080	0.0240	0.0000	0.0000	0.1840	0.0080	0.0320	0.0720	0.0640	0.0480	0.0000	0.0160
202	0.3600	0.0000	0.1360	0.1200	0.0000	0.0160	0.0000	0.0000	0.0480	0.0080	0.0000	0.0160	0.0720	0.0480	0.0320	0.0640	0.0640	0.0080	0.0080	0.0000
203	0.0400	0.0000	0.0240	0.0240	0.0000	0.0160	0.0000	0.0000	0.1920	0.0000	0.0000	0.0160	0.0000	0.3280	0.0000	0.3600	0.0000	0.0000	0.0000	0.0000
204	0.0000	0.0080	0.0000	0.0000	0.0000	0.0000	0.0000	0.0000	0.0320	0.0000	0.0000	0.0000	0.0000	0.1040	0.8160	0.0400	0.0000	0.0000	0.0000	0.0000
205	0.2880	0.0000	0.1120	0.1280	0.0000	0.0080	0.0080	0.0000	0.0880	0.0000	0.0080	0.0480	0.0000	0.1680	0.0240	0.0320	0.0720	0.0080	0.0080	0.0000
206	0.0000	0.0000	0.0000	0.0000	0.0160	0.0000	0.0000	0.1040	0.0400	0.0960	0.0080	0.0000	0.0000	0.6000	0.1280	0.0000	0.0080	0.0000	0.0000	0.0000
207	0.0000	0.0000	0.0000	0.0000	0.0400	0.0000	0.0000	0.0000	0.0000	0.9440	0.0160	0.0000	0.0000	0.0000	0.0000	0.0000	0.0000	0.0000	0.0000	0.0000
208	0.0400	0.0000	0.0080	0.0240	0.0000	0.0080	0.0000	0.2080	0.0400	0.0560	0.0000	0.0160	0.0000	0.0560	0.0400	0.0240	0.2000	0.2720	0.0080	0.0000
209	0.2000	0.0000	0.2480	0.1280	0.0000	0.0480	0.0080	0.0160	0.0080	0.0240	0.0080	0.0320	0.0000	0.0880	0.0080	0.0320	0.1440	0.0080	0.0000	0.0000
210	0.0000	0.0000	0.0000	0.0000	0.0000	0.0000	0.0000	0.0000	0.0000	0.0160	0.0000	0.0000	0.0000	0.0000	0.0080	0.0000	0.0000	0.0000	0.9760	0.0000
211	0.0000	0.0000	0.0000	0.0000	0.0160	0.0000	0.0000	0.0080	0.0000	0.5120	0.4640	0.0000	0.0000	0.0000	0.0000	0.0000	0.0000	0.0000	0.0000	0.0000
212	0.0160	0.0000	0.0080	0.0320	0.0000	0.0000	0.0000	0.0400	0.3440	0.1200	0.0000	0.0080	0.0000	0.0480	0.1360	0.0160	0.0240	0.2080	0.0000	0.0000
213	0.2240	0.0000	0.0880	0.0320	0.0000	0.5200	0.0080	0.0000	0.0000	0.0000	0.0080	0.0320	0.0000	0.0080	0.0640	0.0000	0.0160	0.0000	0.0000	0.0000
214	0.0000	0.0160	0.0880	0.0000	0.0000	0.0160	0.0000	0.0000	0.0000	0.0000	0.0000	0.8000	0.0000	0.0000	0.0000	0.0720	0.0080	0.0000	0.0000	0.0000
215	0.0800	0.0000	0.0000	0.0480	0.0000	0.0160	0.0000	0.0000	0.2320	0.0080	0.0000	0.0000	0.0000	0.0480	0.0640	0.0000	0.4800	0.0240	0.0000	0.0000
216	0.0000	0.0000	0.0000	0.0000	0.0000	0.0000	0.0000	0.0080	0.0000	0.0000	0.0000	0.0000	0.0000	0.0000	0.0000	0.0080	0.7600	0.2240	0.0000	0.0000
217	0.1040	0.0000	0.0000	0.0000	0.0000	0.8160	0.0000	0.0000	0.0000	0.0000	0.0000	0.0000	0.0000	0.0000	0.0000	0.0560	0.0240	0.0000	0.0000	0.0000
218	0.1360	0.0000	0.4960	0.0160	0.0000	0.2400	0.0000	0.0000	0.0320	0.0000	0.0000	0.0400	0.0000	0.0000	0.0000	0.0240	0.0160	0.0000	0.0000	0.0000
219	0.2480	0.0000	0.0080	0.0720	0.0000	0.0160	0.0080	0.0000	0.2480	0.0000	0.0080	0.0640	0.1120	0.0800	0.0160	0.0320	0.0880	0.0000	0.0000	0.0000
220	0.0000	0.0000	0.0000	0.0000	0.0000	0.0000	0.0000	0.0000	0.0240	0.3680	0.0000	0.0000	0.0000	0.0000	0.4080	0.1520	0.0480	0.0000	0.0000	0.0000
221	0.0000	0.0000	0.0000	0.0000	0.0640	0.0000	0.0000	0.6400	0.0000	0.2640	0.0160	0.0000	0.0000	0.0000	0.0000	0.0000	0.0000	0.0160	0.0000	0.0000
222	0.0000	0.0080	0.0000	0.0000	0.0000	0.0000	0.0000	0.0000	0.0160	0.0080	0.0000	0.0000	0.0080	0.0400	0.9200	0.0000	0.0000	0.0000	0.0000	0.0000
223	0.8320	0.0000	0.0000	0.0000	0.0000	0.0080	0.0000	0.0000	0.0320	0.0000	0.0080	0.0000	0.0000	0.0000	0.0000	0.1200	0.0000	0.0000	0.0000	0.0000
224	0.0720	0.0000	0.0080	0.0000	0.0000	0.7840	0.0160	0.0080	0.0000	0.0080	0.0000	0.0000	0.0000	0.0000	0.0080	0.0160	0.0000	0.0800	0.0000	0.0000
225	0.0960	0.0000	0.0000	0.0000	0.0000	0.0000	0.0000	0.0080	0.0000	0.4880	0.0320	0.0000	0.0000	0.0000	0.0000	0.0000	0.0240	0.3520	0.0000	0.0000
226	0.0000	0.0000	0.0000	0.0000	0.0000	0.0000	0.0000	0.0000	0.0000	0.0000	0.0000	0.0000	0.9920	0.0000	0.0000	0.0080	0.0000	0.0000	0.0000	0.0000
227	0.4160	0.0000	0.0320	0.0800	0.0000	0.0240	0.0080	0.0080	0.1600	0.0000	0.0000	0.0000	0.0320	0.0400	0.0080	0.0560	0.1280	0.0080	0.0000	0.0000
228	0.0080	0.0000	0.2160	0.0640	0.0000	0.4880	0.0400	0.0000	0.0160	0.0000	0.0000	0.0080	0.0000	0.0080	0.0080	0.1280	0.0160	0.0000	0.0000	0.0000
229	0.0000	0.0000	0.0000	0.0000	0.0080	0.0000	0.0000	0.0000	0.0000	0.0000	0.0000	0.0000	0.0000	0.0000	0.0000	0.0160	0.0000	0.0000	0.9760	0.0000
230	0.0080	0.0000	0.0000	0.1280	0.0800	0.0000	0.0000	0.0960	0.0960	0.0080	0.0160	0.0000	0.0080	0.0800	0.2240	0.0320	0.0720	0.1520	0.0000	0.0000
231	0.0160	0.0000	0.0080	0.0000	0.0000	0.0000	0.0000	0.2240	0.0000	0.0080	0.0000	0.0000	0.0000	0.0000	0.0000	0.0080	0.0000	0.7360	0.0000	0.0000
232	0.3520	0.0000	0.0000	0.0000	0.0000	0.6080	0.0000	0.0000	0.0000	0.0000	0.0000	0.0000	0.0080	0.0000	0.0000	0.0080	0.0000	0.0160	0.0000	0.0080
233	0.0000	0.0000	0.9840	0.0160	0.0000	0.0000	0.0000	0.0000	0.0000	0.0000	0.0000	0.0000	0.0000	0.0000	0.0000	0.0000	0.0000	0.0000	0.0000	0.0000
234	0.0000	0.0000	0.0000	0.0000	0.0000	0.0000	0.0000	0.0000	0.9200	0.0000	0.0000	0.0000	0.0000	0.0000	0.0800	0.0000	0.0000	0.0000	0.0000	0.0000
235	0.0000	0.0000	0.0000	0.0000	0.0000	0.0000	0.0000	0.0000	0.0000	0.0000	0.0000	0.0000	0.0000	0.0000	0.0000	0.1760	0.8240	0.0000	0.0000	0.0000
236	0.0000	0.0000	0.0000	0.0000	0.0000	1.0000	0.0000	0.0000	0.0000	0.0000	0.0000	0.0000	0.0000	0.0000	0.0000	0.0000	0.0000	0.0000	0.0000	0.0000
237	0.3840	0.0000	0.0000	0.0000	0.0000	0.0480	0.0000	0.0000	0.0000	0.0000	0.0000	0.0000	0.0000	0.0000	0.0000	0.2880	0.2800	0.0000	0.0000	0.0000
238	0.0320	0.0000	0.0000	0.0000	0.0000	0.9440	0.0000	0.0000	0.0000	0.0000	0.0000	0.0000	0.0080	0.0000	0.0000	0.0160	0.0000	0.0000	0.0000	0.0000
240	0.0800	0.0000	0.3280	0.1200	0.0000	0.0960	0.0080	0.0000	0.0080	0.0080	0.0000	0.0400	0.0320	0.0240	0.0160	0.2160	0.0160	0.0080	0.0000	0.0000
243	0.0400	0.0000	0.0000	0.0000	0.0000	0.0080	0.0000	0.0000	0.0000	0.0000	0.0000	0.0080	0.0000	0.0000	0.0080	0.2320	0.6960	0.0080	0.0000	0.0000
244	0.1600	0.0000	0.0000	0.0000	0.0000	0.0160	0.0000	0.0000	0.0000	0.0320	0.0080	0.0240	0.0000	0.0000	0.3760	0.0400	0.3120	0.0240	0.0000	0.0080
245	0.0240	0.0000	0.0000	0.0000	0.0000	0.1440	0.0000	0.0000	0.0000	0.0080	0.0000	0.7840	0.0000	0.0000	0.0000	0.0400	0.0000	0.0000	0.0000	0.0000
246	0.0000	0.0000	0.8080	0.0000	0.0000	0.0000	0.0000	0.1600	0.0000	0.0080	0.0000	0.0160	0.0000	0.0000	0.0000	0.0000	0.0000	0.0080	0.0000	0.0000
247	0.0560	0.0000	0.0000	0.0000	0.0000	0.0000	0.0000	0.6320	0.0000	0.0080	0.0000	0.0160	0.0000	0.0000	0.0000	0.0080	0.0320	0.2480	0.0000	0.0000
248	0.7760	0.0000	0.0000	0.0000	0.0000	0.2240	0.0000	0.0000	0.0000	0.0000	0.0000	0.0000	0.0000	0.0000	0.0000	0.0000	0.0000	0.0000	0.0000	0.0000
249	0.0560	0.0000	0.0000	0.0000	0.0160	0.0000	0.0000	0.2800	0.0000	0.0640	0.0320	0.0000	0.0000	0.0000	0.0000	0.0000	0.0000	0.5520	0.0000	0.0000
250	0.1040	0.0000	0.0000	0.0000	0.0080	0.0000	0.0000	0.3840	0.0000	0.2880	0.0080	0.0000	0.0000	0.0000	0.0000	0.0000	0.0080	0.2000	0.0000	0.0000
251	0.0000	0.0000	0.0000	0.0000	0.0160	0.0960	0.0000	0.0080	0.0000	0.0000	0.0080	0.0000	0.0000	0.0080	0.0080	0.0000	0.0160	0.0000	0.8080	0.0320
252	0.0080	0.0000	0.0000	0.0000	0.0000	0.0000	0.0000	0.0080	0.0160	0.0240	0.0000	0.0080	0.8560	0.0000	0.0080	0.0240	0.0480	0.0000	0.0000	0.0000
254	0.0240	0.0000	0.1040	0.1440	0.0000	0.0160	0.0000	0.0000	0.0320	0.0080	0.0000	0.0240	0.5600	0.0160	0.0080	0.0160	0.0480	0.0000	0.0000	0.0000
255	0.0320	0.0000	0.1840	0.0320	0.0000	0.2000	0.0160	0.0000	0.0720	0.0000	0.0000	0.3040	0.0000	0.0640	0.0160	0.0640	0.0160	0.0000	0.0000	0.0000
256	0.0160	0.0000	0.0000	0.0000	0.0000	0.1920	0.0720	0.0000	0.2000	0.0000	0.0000	0.0000	0.0000	0.0160	0.4800	0.0160	0.0000	0.0000	0.0000	0.0080
257	0.5120	0.0000	0.0400	0.0640	0.0000	0.0720	0.0000	0.0000	0.1520	0.0000	0.0000	0.0000	0.0800	0.0320	0.0080	0.0160	0.0240	0.0000	0.0000	0.0000
258	0.0240	0.0000	0.0000	0.0320	0.0000	0.0000	0.0000	0.0000	0.0000	0.0000	0.0000	0.0000	0.9040	0.0000	0.0000	0.0400	0.0000	0.0000	0.0000	0.0000
259	0.0080	0.0000	0.0000	0.0000	0.0240	0.0000	0.0000	0.4480	0.0000	0.2880	0.0000	0.0000	0.0000	0.0000	0.0880	0.0000	0.0160	0.1120	0.0000	0.0160
260	0.0080	0.0000	0.0000	0.0000	0.0160	0.0000	0.0000	0.3360	0.0000	0.1120	0.0080	0.0000	0.0000	0.0000	0.0000	0.0000	0.0000	0.5040	0.0000	0.0160
261	0.0640	0.0000	0.0000	0.0000	0.0320	0.0000	0.0000	0.2160	0.0000	0.4240	0.0240	0.0000	0.0000	0.0000	0.0000	0.0000	0.0000	0.2400	0.0000	0.0000
263	0.0640	0.0160	0.0000	0.0000	0.0080	0.0000	0.0000	0.3360	0.0000	0.0640	0.0080	0.0000	0.0000	0.0000	0.0000	0.0240	0.1360	0.3440	0.0000	0.0000
264	0.0000	0.0000	0.0000	0.0000	0.0160	0.0000	0.0000	0.0080	0.0000	0.2160	0.0160	0.0000	0.0000	0.0000	0.0000	0.0000	0.0000	0.0000	0.0000	0.7440
265	0.0000	0.0000	0.0000	0.0000	0.2160	0.0000	0.0080	0.0880	0.0000	0.2320	0.0160	0.0000	0.0000	0.0000	0.0000	0.2560	0.0720	0.0240	0.0000	0.0880
266	0.0480	0.0000	0.0000	0.0000	0.0000	0.0320	0.0080	0.0000	0.0080	0.0000	0.0000	0.0640	0.0000	0.0000	0.0320	0.1280	0.6800	0.0000	0.0000	0.0000
267	0.0080	0.0000	0.0480	0.1600	0.0160	0.1040	0.0560	0.0000	0.0800	0.0080	0.0240	0.0080	0.0000	0.3840	0.1040	0.0000	0.0000	0.0000	0.0000	0.0000
268	0.1600	0.0080	0.1280	0.0160	0.0400	0.0000	0.0320	0.0000	0.0080	0.0080	0.0000	0.0320	0.1520	0.0160	0.0640	0.0880	0.2400	0.0080	0.0000	0.0000
269	0.0720	0.0000	0.1040	0.1600	0.0000	0.0080	0.0080	0.0000	0.1200	0.0000	0.0000	0.0240	0.0640	0.1440	0.0720	0.0400	0.1760	0.0080	0.0000	0.0000
270	0.3360	0.0000	0.0080	0.0720	0.0000	0.0160	0.0000	0.0000	0.2400	0.0320	0.0000	0.0000	0.0960	0.1200	0.0160	0.0080	0.0160	0.0400	0.0000	0.0000
271	0.0320	0.0000	0.4400	0.0800	0.0000	0.0240	0.0080	0.0000	0.0320	0.0000	0.0000	0.0560	0.0720	0.0160	0.0000	0.1760	0.0560	0.0080	0.0000	0.0000
272	0.6240	0.0000	0.0240	0.0160	0.0960	0.0000	0.0000	0.0080	0.0080	0.0160	0.1040	0.0000	0.0240	0.0000	0.0320	0.0080	0.0080	0.0320	0.0000	0.0000
273	0.1440	0.0000	0.1040	0.2000	0.0000	0.0000	0.0080	0.0080	0.2960	0.0000	0.0000	0.0400	0.0480	0.0400	0.0320	0.0240	0.0400	0.0160	0.0000	0.0000
274	0.1600	0.0000	0.0640	0.1680	0.0080	0.0400	0.0000	0.0000	0.0080	0.0000	0.0000	0.0080	0.0560	0.0720	0.0480	0.0560	0.0320	0.0080	0.0560	0.2160
275	0.0000	0.0080	0.1920	0.0000	0.0000	0.0000	0.0080	0.0080	0.0640	0.0560	0.0000	0.0640	0.0000	0.0560	0.5200	0.0080	0.0080	0.0080	0.0000	0.0000
276	0.0080	0.0000	0.3200	0.0320	0.0000	0.0000	0.0000	0.0000	0.0720	0.0000	0.0000	0.4400	0.0080	0.0000	0.1120	0.0080	0.0000	0.0000	0.0000	0.0000
