313   14
314   14
315   8
316   9
317   15
318   15
319   4
320   11
321   15
322   5
323   3
324   6
325   10
326   13
327   8
328   13
329   5
330   16
331   11
332   15
333   5
334   10
335   7
336   12
337   18
338   17
339   8
340   5
341   10
342   7
343   2
344   6
345   11
346   3
347   6
348   5
349   6
350   4
351   4
352   5
353   17
354   7
355   2
356   9
357   1
358   2
359   1
360   11
361   4
362   2
363   1
364   3
365   13
366   9
367   3
368   12
369   5
370   14
371   3
372   5
373   3
374   12
375   4
376   2
377   4
378   7
379   6
380   2
381   2
382   9
383   4
384   6
385   8
386   7
387   8
388   7
389   8
390   5
391   2
392   2
393   9
394   14
395   11
396   11
397   10
398   12
399   4
400   11
401   2
402   5
403   7
404   2
405   4
406   9
407   4
408   6
409   4
410   9
411   10
412   12
413   13
414   11
415   12
416   12
417   14
418   5
419   14
420   6
421   7
422   8
423   14
424   13
425   5
426   12
427   14
428   8
429   8
430   13
431   8
432   5
433   16
434   15
435   7
436   12
437   5
438   11
439   16
440   6
441   2
442   5
443   10
444   8
445   4
446   4
447   5
448   7
449   9
450   5
451   8
452   5
453   8
454   11
455   9
456   4
457   7
458   10
459   9
460   14
461   11
462   12
463   13
464   12
465   10
466   16
467   16
468   19
469   7
470   15
471   12
472   6
473   6
474   14
475   13
476   7
477   9
478   10
479   6
480   4
481   16
482   11
483   14
484   7
485   11
486   13
487   18
488   16
489   17
490   15
491   12
492   15
493   15
494   12
495   13
496   16
497   4
498   12
499   10
500   9
501   7
502   5
503   11
504   7
505   3
506   7
507   11
508   7
509   7
510   12
511   7
512   8
513   15
514   11
515   8
516   9
517   12
518   9
519   8
520   9
521   17
522   9
523   8
524   15
525   10
526   7
527   15
528   4
529   12
530   6
531   7
532   6
533   3
534   6
535   9
536   2
537   5
538   5
539   9

